utterances,predicates,sentences,unique_words,utterances_length,subordinates,coordinates,unintelligibles,hesitations,incompletions,long_syllables,pauses_syllables,pauses,trailing_offs,overlaps,repetitions,retracing_correction,retracing_reform,type_token_ratio,adverbs_ratio,adjectives_ratio,idea_density,w2v_distance,age,dementia
61.0,1.0,5.0,47.0,4.1311474,0.0,4.0,0.0,0.06557377,0.04918033,0.06557377,0.0,0.0,0.032786883,0.0,0.0,0.0,0.0,0.75409836,0.032786883,0.0,0.591,0.36326017957958745,65,N
100.0,0.0,11.0,86.0,4.02,0.0,5.0,0.0,0.020408163,0.030612245,0.10204082,0.0,0.0,0.071428575,0.0,0.0,0.0,0.0,0.53,0.03,0.0,0.444,0.35653820939840297,64,N
69.0,2.0,9.0,61.0,4.289855,1.0,3.0,0.0,0.0,0.0,0.11940298,0.0,0.0,0.04477612,0.0,0.014925373,0.0,0.0,0.73913044,0.0,0.014492754,0.485,0.3505542918811252,57,N
155.0,5.0,22.0,142.0,4.16129,0.0,4.0,0.0,0.025477707,0.0,0.12738854,0.006369427,0.0,0.03821656,0.0,0.0,0.012738854,0.0,0.58709675,0.051612902,0.032258064,0.560,0.36554905629973716,67,N
148.0,3.0,18.0,128.0,3.8851352,0.0,7.0,0.0,0.027210884,0.0,0.108843535,0.0,0.0,0.040816326,0.0,0.020408163,0.006802721,0.0,0.5540541,0.067567565,0.013513514,0.490,0.37102351606513945,68,N
94.0,4.0,12.0,89.0,3.9787233,0.0,6.0,0.0,0.010526316,0.031578947,0.11578947,0.0,0.0,0.06315789,0.021052632,0.021052632,0.0,0.0,0.61702126,0.05319149,0.010638298,0.479,0.3692461271515443,74,N
259.0,6.0,25.0,233.0,4.0888033,3.0,17.0,0.015209125,0.03041825,0.0038022813,0.091254756,0.0,0.0,0.02661597,0.0076045627,0.0,0.0114068445,0.0,0.55598456,0.054054055,0.027027028,0.573,0.3520022462465261,69,N
110.0,7.0,13.0,84.0,4.318182,0.0,4.0,0.0,0.026548672,0.0,0.10619469,0.0,0.0,0.044247787,0.017699115,0.0,0.0088495575,0.0,0.53636366,0.045454547,0.036363635,0.486,0.3495143212398619,70,N
167.0,6.0,28.0,155.0,4.1137724,3.0,3.0,0.022988506,0.04597701,0.0,0.14367816,0.0,0.0,0.06896552,0.0,0.011494253,0.01724138,0.0,0.48502994,0.04191617,0.011976048,0.565,0.3619711413976642,71,N
142.0,4.0,16.0,121.0,4.2253523,0.0,6.0,0.0,0.020833334,0.055555556,0.104166664,0.0,0.0,0.0625,0.0,0.0069444445,0.020833334,0.0,0.57746476,0.07042254,0.014084507,0.510,0.356250133652938,72,N
163.0,6.0,22.0,151.0,4.0858893,1.0,11.0,0.0,0.012121212,0.0,0.11515152,0.006060606,0.0,0.024242423,0.0,0.006060606,0.018181818,0.0,0.5153374,0.012269938,0.036809817,0.544,0.3619117033083538,64,N
67.0,3.0,7.0,42.0,3.8507462,1.0,2.0,0.014705882,0.029411765,0.0,0.0882353,0.0,0.0,0.05882353,0.0,0.0,0.014705882,0.0,0.6865672,0.07462686,0.014925373,0.424,0.35797750615817675,78,N
86.0,7.0,21.0,85.0,4.22093,1.0,4.0,0.011494253,0.0,0.022988506,0.21839081,0.0,0.0,0.13793103,0.011494253,0.0,0.0,0.0,0.55813956,0.069767445,0.011627907,0.571,0.3512500354106822,63,N
105.0,4.0,16.0,100.0,4.266667,0.0,3.0,0.009803922,0.0,0.0,0.14705883,0.0,0.0,0.019607844,0.0,0.0,0.009803922,0.0,0.51428574,0.057142857,0.04761905,0.455,0.3655478862236376,59,N
220.0,5.0,28.0,202.0,4.168182,2.0,7.0,0.0,0.03181818,0.045454547,0.11818182,0.0,0.0,0.045454547,0.0,0.022727273,0.009090909,0.0,0.50454545,0.045454547,0.013636364,0.504,0.36319581107365484,65,N
51.0,0.0,8.0,49.0,4.1960783,1.0,5.0,0.0,0.02,0.0,0.14,0.0,0.0,0.04,0.0,0.0,0.0,0.0,0.64705884,0.019607844,0.019607844,0.551,0.35794861369173636,66,N
189.0,4.0,17.0,136.0,4.0793653,0.0,9.0,0.0,0.031914894,0.015957447,0.08510638,0.0,0.0,0.005319149,0.0,0.005319149,0.010638298,0.0,0.4814815,0.037037037,0.02116402,0.511,0.3619840428830536,71,N
183.0,5.0,13.0,139.0,3.9125683,1.0,9.0,0.0,0.027173912,0.0,0.06521739,0.0,0.0,0.010869565,0.0,0.0,0.010869565,0.0,0.48087433,0.05464481,0.016393442,0.508,0.36719588893449967,78,N
87.0,4.0,14.0,83.0,4.3103447,1.0,3.0,0.0,0.069767445,0.023255814,0.15116279,0.0,0.0,0.0,0.0,0.0,0.011627907,0.0,0.6551724,0.011494253,0.022988506,0.500,0.3755937191896105,64,N
329.0,8.0,23.0,257.0,3.893617,7.0,12.0,0.0,0.03508772,0.0058479533,0.055555556,0.0,0.0,0.01754386,0.0,0.0,0.032163743,0.0,0.41945288,0.039513677,0.04255319,0.577,0.36684470358078586,70,N
83.0,5.0,22.0,83.0,4.518072,1.0,1.0,0.0,0.05,0.0,0.25,0.0,0.0,0.125,0.0,0.0,0.0,0.0,0.57831323,0.036144577,0.024096385,0.500,0.3653966838492583,64,N
99.0,3.0,15.0,93.0,4.2727275,0.0,2.0,0.0,0.041237112,0.030927835,0.14432989,0.0,0.0,0.05154639,0.0,0.010309278,0.0,0.0,0.61616164,0.060606062,0.05050505,0.582,0.3699120534195875,64,N
94.0,2.0,10.0,80.0,4.2234044,1.0,2.0,0.0,0.020833334,0.03125,0.09375,0.0,0.0,0.041666668,0.0,0.0,0.020833334,0.0,0.5744681,0.04255319,0.0,0.570,0.36523798227347937,63,N
518.0,22.0,36.0,429.0,4.0675673,11.0,16.0,0.0,0.017441861,0.0019379845,0.06782946,0.0019379845,0.0,0.017441861,0.0,0.003875969,0.007751938,0.0,0.43629342,0.07335907,0.023166023,0.533,0.35877495526345893,73,N
77.0,1.0,9.0,65.0,4.155844,2.0,1.0,0.0,0.012987013,0.038961038,0.103896104,0.0,0.0,0.012987013,0.0,0.0,0.0,0.0,0.6363636,0.051948052,0.0,0.429,0.36506811517346455,64,N
116.0,3.0,14.0,110.0,4.0603447,0.0,5.0,0.0,0.050847456,0.008474576,0.11016949,0.008474576,0.0,0.050847456,0.016949153,0.025423728,0.008474576,0.0,0.5862069,0.02586207,0.0,0.568,0.36286119641540376,71,N
144.0,7.0,12.0,112.0,3.8888888,1.0,3.0,0.0,0.0070422534,0.0,0.07746479,0.0,0.0,0.02112676,0.0,0.0,0.0070422534,0.0,0.6180556,0.027777778,0.027777778,0.532,0.3611623283062835,64,N
119.0,4.0,13.0,103.0,4.0168066,1.0,4.0,0.0,0.01724138,0.00862069,0.10344828,0.0,0.0,0.02586207,0.0,0.0,0.0,0.0,0.6554622,0.042016808,0.025210084,0.470,0.358351492005199,62,N
50.0,1.0,12.0,47.0,4.4,0.0,0.0,0.0,0.06122449,0.0,0.2244898,0.0,0.0,0.20408164,0.0,0.0,0.020408163,0.0,0.78,0.04,0.0,0.563,0.3607451385210725,64,N
179.0,5.0,24.0,167.0,4.4022346,1.0,9.0,0.010928961,0.027322404,0.06010929,0.12568305,0.0,0.0,0.06010929,0.0054644807,0.010928961,0.0054644807,0.0,0.47486034,0.06703911,0.005586592,0.500,0.35671148744749664,69,N
144.0,7.0,19.0,135.0,3.8055556,1.0,6.0,0.0,0.02112676,0.0070422534,0.11971831,0.0,0.0,0.028169014,0.0,0.0070422534,0.0070422534,0.0,0.5277778,0.041666668,0.020833334,0.461,0.3650665757889971,60,N
48.0,1.0,8.0,46.0,4.0416665,0.0,0.0,0.0,0.041666668,0.0,0.14583333,0.0,0.0,0.083333336,0.0,0.0,0.020833334,0.0,0.75,0.041666668,0.0,0.478,0.35916906081429506,64,N
52.0,2.0,9.0,48.0,4.0961537,0.0,1.0,0.0,0.05882353,0.039215688,0.15686275,0.0,0.0,0.09803922,0.0,0.05882353,0.0,0.0,0.7307692,0.115384616,0.0,0.667,0.3674494546611567,68,N
82.0,1.0,10.0,67.0,4.280488,0.0,4.0,0.0,0.0,0.0,0.11111111,0.0,0.0,0.061728396,0.0,0.012345679,0.012345679,0.0,0.7195122,0.024390243,0.0121951215,0.543,0.3682374916719021,64,N
140.0,3.0,24.0,135.0,4.2714286,0.0,6.0,0.0,0.022058824,0.022058824,0.16911764,0.0,0.0,0.14705883,0.0,0.007352941,0.007352941,0.0,0.57857144,0.057142857,0.035714287,0.431,0.3662668180787606,67,N
173.0,3.0,16.0,152.0,4.00578,2.0,9.0,0.0,0.029411765,0.005882353,0.0882353,0.0,0.0,0.005882353,0.0,0.0,0.0,0.0,0.5780347,0.046242774,0.046242774,0.544,0.3659520668033007,57,N
79.0,2.0,11.0,69.0,4.316456,0.0,5.0,0.0,0.024691358,0.0,0.12345679,0.0,0.0,0.049382716,0.012345679,0.0,0.024691358,0.0,0.65822786,0.050632913,0.012658228,0.494,0.3647191431474092,72,N
113.0,4.0,18.0,105.0,4.3008847,0.0,3.0,0.0,0.018018018,0.0,0.15315315,0.0,0.0,0.018018018,0.0,0.009009009,0.009009009,0.0,0.6460177,0.03539823,0.017699115,0.591,0.3671655239716232,49,N
127.0,2.0,11.0,101.0,3.992126,0.0,5.0,0.0,0.015625,0.0,0.078125,0.0,0.0,0.03125,0.0,0.0234375,0.0234375,0.0,0.51968503,0.07874016,0.015748031,0.563,0.36007935800573204,70,N
117.0,1.0,8.0,90.0,3.9145298,0.0,7.0,0.0,0.033898305,0.050847456,0.059322033,0.0,0.0,0.016949153,0.0,0.033898305,0.008474576,0.0,0.53846157,0.042735044,0.034188036,0.476,0.3653170983046574,69,N
391.0,10.0,29.0,334.0,4.023018,6.0,16.0,0.0,0.028423773,0.0,0.07235142,0.0025839794,0.0,0.018087855,0.0,0.0,0.0025839794,0.0,0.4629156,0.06393862,0.04347826,0.561,0.35412253854469683,72,N
238.0,4.0,21.0,198.0,4.042017,4.0,9.0,0.0,0.012820513,0.0,0.08547009,0.0,0.0,0.02991453,0.0,0.012820513,0.0,0.0,0.5,0.05042017,0.033613447,0.538,0.35774697277428547,71,N
50.0,1.0,8.0,46.0,4.4,0.0,3.0,0.0,0.06122449,0.0,0.14285715,0.0,0.0,0.06122449,0.0,0.0,0.0,0.0,0.68,0.02,0.06,0.574,0.35668439883967584,61,N
164.0,3.0,19.0,156.0,4.121951,1.0,8.0,0.0,0.01875,0.0,0.1125,0.0,0.0,0.04375,0.0,0.0,0.00625,0.0,0.60365856,0.07926829,0.030487806,0.572,0.36041086940390316,57,N
192.0,9.0,22.0,178.0,4.1770835,0.0,14.0,0.015306123,0.020408163,0.0051020407,0.10714286,0.010204081,0.0,0.030612245,0.0,0.0051020407,0.010204081,0.0,0.515625,0.026041666,0.036458332,0.550,0.36203610485268606,67,N
86.0,1.0,14.0,79.0,4.3023257,0.0,2.0,0.0,0.04761905,0.035714287,0.14285715,0.0,0.0,0.083333336,0.0,0.011904762,0.0,0.0,0.6511628,0.058139537,0.023255814,0.651,0.36275834601343715,67,N
87.0,4.0,12.0,86.0,4.1034484,1.0,0.0,0.0,0.011627907,0.0,0.12790698,0.0,0.0,0.058139537,0.011627907,0.023255814,0.0,0.0,0.7126437,0.04597701,0.011494253,0.560,0.34890477573031625,67,N
81.0,2.0,11.0,78.0,4.1358023,1.0,6.0,0.0,0.037037037,0.037037037,0.12345679,0.0,0.0,0.037037037,0.0,0.0,0.012345679,0.0,0.60493827,0.049382716,0.024691358,0.470,0.35884013246383595,64,N
39.0,3.0,6.0,38.0,4.1282053,1.0,0.0,0.0,0.0,0.0,0.12820514,0.0,0.0,0.025641026,0.0,0.0,0.0,0.0,0.8974359,0.051282052,0.0,0.500,0.3719937679534023,56,N
68.0,2.0,9.0,66.0,4.4117646,1.0,2.0,0.0,0.060606062,0.015151516,0.121212125,0.0,0.0,0.015151516,0.0,0.0,0.0,0.0,0.75,0.05882353,0.014705882,0.515,0.35800540915972834,48,N
123.0,1.0,15.0,99.0,3.9105692,0.0,3.0,0.016,0.0,0.016,0.104,0.0,0.0,0.032,0.008,0.0,0.008,0.0,0.58536583,0.07317073,0.024390243,0.545,0.37224433922732686,70,N
100.0,4.0,11.0,88.0,4.13,0.0,5.0,0.0,0.01010101,0.0,0.1010101,0.0,0.0,0.05050505,0.0,0.0,0.0,0.0,0.67,0.05,0.05,0.485,0.35816291177013765,64,N
136.0,6.0,18.0,125.0,3.875,2.0,6.0,0.0,0.0,0.0,0.12592593,0.0074074073,0.0,0.02962963,0.0,0.0,0.0,0.0,0.61764705,0.05147059,0.014705882,0.489,0.3618353469265254,64,N
89.0,2.0,12.0,85.0,3.977528,0.0,1.0,0.0,0.07865169,0.011235955,0.11235955,0.011235955,0.0,0.033707865,0.0,0.011235955,0.011235955,0.0,0.56179774,0.07865169,0.02247191,0.586,0.3606240974686131,64,N
193.0,2.0,15.0,168.0,4.0984454,1.0,7.0,0.0,0.041025642,0.0,0.071794875,0.0051282053,0.0,0.0051282053,0.0,0.0051282053,0.015384615,0.0,0.46632123,0.03626943,0.025906736,0.571,0.37204507713638596,67,N
91.0,4.0,12.0,84.0,4.252747,1.0,5.0,0.0,0.044444446,0.011111111,0.12222222,0.0,0.0,0.022222223,0.0,0.0,0.022222223,0.0,0.6813187,0.054945055,0.043956045,0.589,0.3572071631001686,78,N
79.0,4.0,8.0,69.0,4.341772,0.0,2.0,0.0,0.025,0.0125,0.0875,0.0,0.0,0.025,0.0,0.0,0.025,0.0,0.6835443,0.06329114,0.025316456,0.519,0.3735610715111292,65,N
98.0,1.0,9.0,84.0,4.0102043,1.0,4.0,0.0,0.0,0.020408163,0.071428575,0.010204081,0.0,0.030612245,0.0,0.0,0.010204081,0.0,0.622449,0.030612245,0.010204081,0.541,0.36789929209039707,59,N
84.0,2.0,9.0,78.0,4.214286,0.0,3.0,0.0,0.0121951215,0.024390243,0.09756097,0.0,0.0,0.036585364,0.0,0.0,0.0,0.0,0.70238096,0.0952381,0.035714287,0.560,0.3667293439907564,50,N
175.0,4.0,16.0,136.0,4.2514286,3.0,6.0,0.0,0.022857143,0.0,0.08571429,0.0,0.0,0.034285713,0.0057142857,0.0,0.017142856,0.0,0.5314286,0.028571429,0.017142856,0.535,0.3609562851076703,64,N
80.0,1.0,18.0,71.0,4.3625,0.0,4.0,0.0,0.03846154,0.0,0.20512821,0.0,0.0,0.14102565,0.0,0.0,0.012820513,0.0,0.65,0.025,0.025,0.468,0.3507042726602506,70,N
133.0,2.0,16.0,120.0,4.142857,2.0,3.0,0.0,0.030303031,0.0,0.11363637,0.0,0.0,0.045454547,0.0,0.0,0.007575758,0.0,0.60902256,0.02255639,0.037593983,0.492,0.36405558818333417,46,N
81.0,4.0,10.0,74.0,4.0617285,1.0,2.0,0.0,0.03797468,0.0,0.11392405,0.0,0.0,0.03797468,0.0,0.0,0.0,0.0,0.7160494,0.074074075,0.024691358,0.494,0.3517952341918015,66,N
196.0,6.0,13.0,158.0,4.2959185,4.0,4.0,0.0,0.049751244,0.0099502485,0.05970149,0.0,0.0,0.014925373,0.0,0.0,0.029850746,0.0,0.5255102,0.05102041,0.030612245,0.559,0.35877675303557255,74,N
68.0,2.0,8.0,59.0,4.1764708,0.0,5.0,0.0,0.030303031,0.07575758,0.10606061,0.0,0.0,0.015151516,0.0,0.0,0.0,0.0,0.6617647,0.029411765,0.014705882,0.493,0.3604352356189185,66,N
118.0,0.0,11.0,103.0,4.161017,0.0,5.0,0.0,0.033898305,0.042372882,0.084745765,0.008474576,0.0,0.0,0.0,0.016949153,0.008474576,0.0,0.5254237,0.059322033,0.008474576,0.508,0.3693387397237726,73,N
111.0,3.0,23.0,106.0,4.279279,0.0,2.0,0.0,0.06422018,0.0,0.20183486,0.0,0.0,0.1559633,0.0,0.0,0.0091743115,0.0,0.5495495,0.018018018,0.018018018,0.542,0.36137295170950096,64,N
72.0,7.0,10.0,68.0,4.4444447,1.0,2.0,0.0,0.0,0.028571429,0.12857144,0.0,0.0,0.042857144,0.0,0.014285714,0.0,0.0,0.7222222,0.027777778,0.055555556,0.563,0.3557127878173809,64,N
53.0,3.0,9.0,51.0,4.1132073,1.0,2.0,0.0,0.0,0.0,0.14814815,0.0,0.0,0.055555556,0.0,0.0,0.018518519,0.0,0.6792453,0.0,0.056603774,0.423,0.3556638158473394,68,N
81.0,1.0,12.0,77.0,4.0246916,1.0,6.0,0.0,0.025316456,0.012658228,0.1392405,0.012658228,0.0,0.050632913,0.0,0.012658228,0.0,0.0,0.6666667,0.061728396,0.0,0.494,0.3520650648955583,54,N
74.0,2.0,7.0,58.0,4.108108,2.0,1.0,0.0,0.02739726,0.01369863,0.08219178,0.0,0.0,0.02739726,0.0,0.01369863,0.0,0.0,0.6081081,0.04054054,0.013513514,0.440,0.36625811818049514,74,N
110.0,1.0,14.0,92.0,4.109091,0.0,10.0,0.0,0.045454547,0.0,0.10909091,0.0,0.0,0.027272727,0.0,0.0,0.018181818,0.0,0.55454546,0.018181818,0.009090909,0.556,0.35704142954292034,72,N
64.0,2.0,10.0,60.0,4.125,0.0,2.0,0.0,0.031746034,0.0,0.14285715,0.0,0.0,0.031746034,0.0,0.0,0.015873017,0.0,0.71875,0.015625,0.0,0.484,0.35696484438686643,65,N
85.0,3.0,10.0,72.0,3.7764707,0.0,3.0,0.0,0.034883723,0.0,0.10465116,0.0,0.0,0.058139537,0.0,0.0,0.023255814,0.0,0.5882353,0.047058824,0.011764706,0.476,0.3663894487659307,65,N
198.0,9.0,15.0,172.0,4.151515,1.0,8.0,0.0,0.04,0.03,0.07,0.005,0.0,0.005,0.0,0.005,0.02,0.0,0.4949495,0.05050505,0.030303031,0.480,0.35687991532471935,74,N
123.0,1.0,17.0,110.0,4.3414636,2.0,7.0,0.0,0.008130081,0.008130081,0.12195122,0.008130081,0.0,0.08130081,0.008130081,0.008130081,0.008130081,0.0,0.699187,0.09756097,0.016260162,0.633,0.35500281181686055,50,N
51.0,3.0,11.0,50.0,4.627451,0.0,5.0,0.0,0.04,0.08,0.2,0.0,0.0,0.04,0.0,0.0,0.0,0.0,0.54901963,0.019607844,0.019607844,0.473,0.37115321648867766,64,N
74.0,2.0,9.0,68.0,3.891892,0.0,4.0,0.0,0.027027028,0.013513514,0.10810811,0.0,0.0,0.054054055,0.013513514,0.0,0.0,0.0,0.6891892,0.08108108,0.04054054,0.473,0.3704451944003004,50,N
63.0,1.0,9.0,60.0,4.3650794,0.0,4.0,0.0,0.04761905,0.04761905,0.12698413,0.0,0.0,0.07936508,0.0,0.015873017,0.015873017,0.0,0.7936508,0.06349207,0.015873017,0.463,0.3538353808680873,61,N
111.0,4.0,13.0,104.0,4.0540543,0.0,8.0,0.0,0.06422018,0.0091743115,0.110091746,0.0,0.0,0.0091743115,0.0,0.0091743115,0.0,0.0,0.6306306,0.045045044,0.018018018,0.514,0.34740620373030273,75,N
179.0,3.0,27.0,158.0,4.3184357,3.0,7.0,0.0,0.03314917,0.0,0.1160221,0.005524862,0.0,0.06629834,0.022099448,0.011049724,0.005524862,0.0,0.5810056,0.05586592,0.011173184,0.574,0.34991405986145036,58,N
130.0,2.0,15.0,116.0,4.0384617,3.0,5.0,0.015151516,0.015151516,0.053030305,0.10606061,0.0,0.0,0.053030305,0.007575758,0.0,0.0,0.0,0.61538464,0.06153846,0.046153847,0.518,0.36255224797093916,64,N
88.0,0.0,16.0,87.0,4.2727275,0.0,1.0,0.033333335,0.055555556,0.011111111,0.16666667,0.0,0.0,0.16666667,0.011111111,0.011111111,0.011111111,0.0,0.79545456,0.022727273,0.022727273,0.529,0.3535256276196624,56,N
146.0,6.0,16.0,116.0,3.8972602,0.0,7.0,0.0,0.0472973,0.0,0.10135135,0.0,0.0,0.0472973,0.0,0.02027027,0.02027027,0.0,0.51369864,0.047945205,0.020547945,0.551,0.36277613808157955,64,N
84.0,2.0,10.0,80.0,3.9047618,1.0,8.0,0.0,0.024390243,0.024390243,0.1097561,0.0,0.0,0.024390243,0.0,0.0,0.0121951215,0.0,0.5952381,0.071428575,0.035714287,0.554,0.36342530536910034,64,N
96.0,3.0,14.0,92.0,4.53125,0.0,4.0,0.0,0.043010753,0.0,0.13978495,0.0,0.0,0.021505376,0.0,0.0,0.0,0.0,0.6354167,0.072916664,0.010416667,0.538,0.36135278892244804,62,N
62.0,3.0,11.0,57.0,4.129032,0.0,2.0,0.0,0.08196721,0.0,0.16393442,0.0,0.0,0.08196721,0.016393442,0.0,0.0,0.0,0.7096774,0.09677419,0.016129032,0.607,0.35436955544430093,62,N
80.0,1.0,12.0,74.0,4.4,0.0,2.0,0.0,0.03846154,0.012820513,0.14102565,0.0,0.0,0.03846154,0.012820513,0.012820513,0.0,0.0,0.7625,0.0375,0.0125,0.584,0.3619573738982876,59,N
124.0,4.0,19.0,108.0,4.177419,0.0,7.0,0.0,0.032,0.056,0.144,0.0,0.0,0.04,0.0,0.008,0.016,0.0,0.5403226,0.05645161,0.032258064,0.484,0.36227302033737235,64,N
110.0,6.0,12.0,99.0,4.3818183,1.0,6.0,0.0,0.044247787,0.044247787,0.097345136,0.0,0.0,0.07079646,0.0088495575,0.0088495575,0.017699115,0.0,0.6727273,0.06363636,0.036363635,0.616,0.35705522339654233,50,N
87.0,1.0,11.0,71.0,4.0689654,0.0,6.0,0.0,0.034883723,0.0,0.11627907,0.011627907,0.0,0.058139537,0.0,0.011627907,0.0,0.0,0.6321839,0.06896552,0.022988506,0.576,0.36837397313186326,74,N
74.0,1.0,7.0,61.0,3.391892,0.0,4.0,0.0,0.01369863,0.0,0.08219178,0.0,0.0,0.01369863,0.0,0.0,0.0,0.0,0.5675676,0.027027028,0.0,0.411,0.3667231460248868,68,N
84.0,3.0,12.0,79.0,4.4166665,0.0,1.0,0.0,0.023529412,0.0,0.12941177,0.011764706,0.0,0.047058824,0.011764706,0.011764706,0.011764706,0.0,0.60714287,0.023809524,0.035714287,0.519,0.35774785572839146,69,N
114.0,1.0,19.0,108.0,4.122807,0.0,2.0,0.0,0.05357143,0.05357143,0.16071428,0.0,0.0,0.05357143,0.0,0.017857144,0.008928572,0.0,0.5614035,0.03508772,0.01754386,0.474,0.3699279245246459,64,N
128.0,2.0,16.0,110.0,3.984375,0.0,4.0,0.0,0.016,0.016,0.112,0.0,0.0,0.064,0.0,0.0,0.0,0.0,0.6015625,0.03125,0.03125,0.512,0.37030432398076235,55,N
127.0,5.0,18.0,124.0,4.2913384,0.0,7.0,0.0,0.04761905,0.015873017,0.13492064,0.015873017,0.0,0.07936508,0.0,0.0,0.0,0.0,0.62204725,0.070866145,0.031496063,0.595,0.3615996630516828,64,N
98.0,4.0,15.0,91.0,4.020408,0.0,5.0,0.0,0.030303031,0.01010101,0.14141414,0.0,0.0,0.060606062,0.01010101,0.0,0.02020202,0.0,0.59183675,0.040816326,0.020408163,0.602,0.3647906682844861,54,N
65.0,1.0,9.0,63.0,4.415385,2.0,3.0,0.0,0.015625,0.03125,0.125,0.015625,0.0,0.015625,0.0,0.0,0.0,0.0,0.75384617,0.03076923,0.0,0.523,0.3563310259820095,65,N
83.0,5.0,11.0,76.0,4.3493977,3.0,1.0,0.0,0.0,0.036585364,0.12195122,0.0,0.0,0.07317073,0.0,0.0,0.0121951215,0.0,0.73493975,0.024096385,0.012048192,0.519,0.3551482467314901,64,N
124.0,5.0,11.0,99.0,3.9596775,3.0,3.0,0.0,0.03968254,0.007936508,0.07936508,0.0,0.0,0.03968254,0.0,0.023809524,0.015873017,0.0,0.58870965,0.024193548,0.024193548,0.574,0.35781765949829664,59,N
99.0,5.0,17.0,94.0,4.171717,0.0,4.0,0.0,0.071428575,0.0,0.1632653,0.0,0.0,0.08163265,0.0,0.0,0.010204081,0.0,0.56565654,0.060606062,0.030303031,0.543,0.36569355369846374,80,N
72.0,2.0,12.0,71.0,4.1805553,0.0,2.0,0.0,0.028571429,0.0,0.15714286,0.0,0.0,0.014285714,0.0,0.0,0.0,0.0,0.6944444,0.041666668,0.027777778,0.507,0.36552573493807705,47,N
233.0,5.0,23.0,201.0,3.9055793,2.0,10.0,0.0,0.042194095,0.004219409,0.088607594,0.0,0.0,0.016877636,0.0,0.012658228,0.029535865,0.0,0.4549356,0.03862661,0.047210302,0.584,0.366154733816064,64,N
186.0,5.0,24.0,163.0,4.22043,2.0,6.0,0.0,0.032786883,0.05464481,0.12021858,0.0,0.0,0.04918033,0.0,0.0054644807,0.0054644807,0.0,0.60215056,0.06451613,0.043010753,0.497,0.3619668717725091,68,N
146.0,7.0,25.0,135.0,4.1232877,1.0,7.0,0.012903226,0.019354839,0.006451613,0.14838709,0.0,0.0,0.077419356,0.006451613,0.0,0.019354839,0.0,0.51369864,0.04109589,0.01369863,0.448,0.36413136597482154,57,N
80.0,1.0,6.0,61.0,4.1625,0.0,5.0,0.0,0.03797468,0.0,0.06329114,0.0,0.0,0.0,0.0,0.0,0.0,0.0,0.625,0.025,0.025,0.506,0.35687715880203624,56,N
63.0,1.0,4.0,55.0,3.936508,3.0,2.0,0.0,0.03125,0.015625,0.046875,0.0,0.0,0.015625,0.0,0.0,0.015625,0.0,0.71428573,0.06349207,0.04761905,0.600,0.3584643021049733,51,N
271.0,8.0,31.0,244.0,3.9188192,2.0,8.0,0.0,0.029850746,0.0037313432,0.1119403,0.0,0.0,0.048507463,0.0,0.01119403,0.014925373,0.0,0.501845,0.073800735,0.022140222,0.516,0.34959857229422847,71,N
149.0,2.0,22.0,144.0,4.060403,0.0,4.0,0.0,0.01986755,0.0,0.13245033,0.0066225166,0.0,0.01986755,0.0066225166,0.0,0.01986755,0.0,0.54362416,0.040268455,0.033557046,0.483,0.37045543126088687,75,N
147.0,4.0,13.0,134.0,4.2108846,2.0,8.0,0.0,0.013793103,0.0,0.08275862,0.0,0.0,0.027586207,0.0,0.0,0.0,0.0,0.6394558,0.054421768,0.020408163,0.600,0.36162446442445684,51,N
81.0,3.0,11.0,72.0,4.012346,1.0,6.0,0.0,0.0125,0.0,0.125,0.0,0.0,0.025,0.0,0.0,0.0125,0.0,0.61728394,0.037037037,0.049382716,0.468,0.36536812422658643,67,N
93.0,4.0,17.0,89.0,4.354839,0.0,1.0,0.0,0.011235955,0.04494382,0.17977528,0.0,0.0,0.02247191,0.0,0.0,0.0,0.0,0.68817204,0.032258064,0.032258064,0.484,0.36315867365868687,64,N
87.0,0.0,10.0,80.0,4.37931,0.0,4.0,0.0,0.046511628,0.058139537,0.10465116,0.0,0.0,0.046511628,0.0,0.0,0.011627907,0.0,0.62068963,0.03448276,0.011494253,0.544,0.3632506665245101,64,N
91.0,3.0,10.0,84.0,4.2197804,1.0,1.0,0.0,0.011235955,0.0,0.101123594,0.0,0.0,0.033707865,0.0,0.0,0.0,0.0,0.6923077,0.021978023,0.010989011,0.427,0.35676139415567637,56,N
71.0,1.0,10.0,67.0,4.1549296,0.0,4.0,0.01369863,0.01369863,0.02739726,0.12328767,0.0,0.0,0.0,0.0,0.0,0.02739726,0.0,0.5915493,0.056338027,0.014084507,0.403,0.3629052471353773,59,N
133.0,6.0,21.0,120.0,4.2706766,0.0,6.0,0.0,0.05185185,0.014814815,0.14074074,0.0,0.0,0.074074075,0.0,0.0074074073,0.022222223,0.0,0.5488722,0.015037594,0.007518797,0.515,0.35435996664134234,64,N
178.0,5.0,18.0,148.0,3.9662921,1.0,8.0,0.0,0.03409091,0.0056818184,0.09659091,0.0,0.0,0.011363637,0.0,0.0,0.011363637,0.0,0.48876405,0.039325844,0.011235955,0.554,0.36177912907416704,56,N
43.0,1.0,6.0,42.0,4.139535,0.0,2.0,0.0,0.023809524,0.023809524,0.11904762,0.0,0.0,0.04761905,0.0,0.0,0.0,0.0,0.7209302,0.0,0.0,0.381,0.3627553797175957,64,N
84.0,4.0,9.0,65.0,4.047619,0.0,2.0,0.0,0.036144577,0.0,0.09638554,0.0,0.0,0.036144577,0.0,0.0,0.012048192,0.0,0.5952381,0.023809524,0.0,0.427,0.34797541458084985,67,N
82.0,0.0,13.0,77.0,4.207317,2.0,3.0,0.0,0.036144577,0.012048192,0.14457831,0.0,0.0,0.060240965,0.0,0.0,0.012048192,0.0,0.58536583,0.036585364,0.0,0.613,0.3665092028660104,64,N
81.0,4.0,10.0,72.0,4.111111,0.0,5.0,0.0,0.050632913,0.012658228,0.11392405,0.0,0.0,0.03797468,0.0,0.012658228,0.0,0.0,0.7037037,0.061728396,0.049382716,0.613,0.35459768123237306,64,N
86.0,1.0,8.0,69.0,4.081395,1.0,5.0,0.0,0.023255814,0.0,0.08139535,0.0,0.0,0.023255814,0.0,0.011627907,0.011627907,0.0,0.61627907,0.069767445,0.0,0.518,0.35498399233808514,52,N
26.0,1.0,5.0,25.0,4.0384617,0.0,1.0,0.0,0.04,0.0,0.16,0.0,0.0,0.04,0.0,0.0,0.0,0.0,1.2307693,0.07692308,0.03846154,0.583,0.3612530144066636,64,N
145.0,8.0,20.0,139.0,4.1931033,3.0,3.0,0.0,0.05479452,0.0,0.13013698,0.0,0.0,0.07534247,0.01369863,0.006849315,0.01369863,0.0,0.6137931,0.08275862,0.013793103,0.607,0.361368427516768,64,N
144.0,4.0,15.0,121.0,4.1180553,0.0,11.0,0.0,0.0068965517,0.0068965517,0.096551724,0.0,0.0,0.013793103,0.0,0.0068965517,0.013793103,0.0,0.5625,0.041666668,0.034722224,0.566,0.3763822163832751,64,N
69.0,2.0,8.0,62.0,3.8695652,0.0,3.0,0.0,0.029411765,0.0,0.10294118,0.0,0.0,0.029411765,0.0,0.0,0.0,0.0,0.73913044,0.04347826,0.028985508,0.448,0.36743621068476295,77,N
100.0,1.0,13.0,87.0,4.06,0.0,5.0,0.0,0.03,0.0,0.11,0.0,0.0,0.04,0.0,0.0,0.0,0.0,0.57,0.04,0.01,0.580,0.3567994783229723,71,N
260.0,9.0,27.0,226.0,3.8115385,3.0,15.0,0.0,0.01908397,0.003816794,0.099236645,0.0,0.0,0.049618322,0.015267176,0.0,0.015267176,0.0,0.4653846,0.03846154,0.053846154,0.567,0.3583726518833893,68,N
166.0,9.0,17.0,144.0,3.939759,0.0,5.0,0.0,0.04761905,0.0,0.0952381,0.0,0.0,0.0,0.0,0.005952381,0.023809524,0.0,0.45783132,0.024096385,0.018072288,0.448,0.36504365387362686,67,N
62.0,1.0,11.0,60.0,4.0,0.0,1.0,0.0,0.015625,0.0,0.15625,0.015625,0.0,0.078125,0.046875,0.015625,0.0,0.0,0.7096774,0.032258064,0.0,0.424,0.3512392946855332,64,N
113.0,3.0,13.0,100.0,3.902655,0.0,5.0,0.0,0.0088495575,0.0,0.10619469,0.0,0.0,0.026548672,0.0088495575,0.0,0.0088495575,0.0,0.54867256,0.053097345,0.026548672,0.409,0.3658460301998842,58,N
39.0,1.0,9.0,37.0,3.9230769,0.0,1.0,0.0,0.027027028,0.0,0.1891892,0.0,0.0,0.027027028,0.0,0.0,0.0,0.0,0.6923077,0.025641026,0.0,0.405,0.36618991783266336,51,N
179.0,8.0,25.0,160.0,4.1173186,1.0,5.0,0.0,0.011299435,0.0,0.1299435,0.0,0.0,0.011299435,0.0,0.0,0.0056497175,0.0,0.5139665,0.016759777,0.033519555,0.409,0.3640218232080128,56,N
104.0,3.0,8.0,88.0,4.0,4.0,6.0,0.0,0.01923077,0.009615385,0.067307696,0.0,0.0,0.009615385,0.0,0.0,0.0,0.0,0.7019231,0.07692308,0.028846154,0.490,0.3516599667871052,64,N
113.0,2.0,11.0,97.0,3.9380531,3.0,6.0,0.0,0.0,0.017699115,0.088495575,0.0088495575,0.0,0.053097345,0.0,0.0,0.0,0.0,0.5663717,0.044247787,0.0088495575,0.454,0.36374635973361064,58,N
159.0,4.0,25.0,155.0,4.2201257,0.0,8.0,0.018867925,0.03773585,0.006289308,0.13836478,0.0,0.0,0.062893085,0.012578616,0.006289308,0.0,0.0,0.591195,0.0754717,0.018867925,0.538,0.3676558699582256,71,N
115.0,4.0,18.0,108.0,3.9826088,0.0,8.0,0.0,0.01754386,0.0,0.14035088,0.00877193,0.0,0.06140351,0.00877193,0.0,0.0,0.0,0.70434785,0.07826087,0.026086956,0.550,0.34915449997911197,64,N
124.0,7.0,17.0,109.0,3.830645,0.0,6.0,0.0,0.008130081,0.008130081,0.12195122,0.0,0.0,0.016260162,0.0,0.008130081,0.024390243,0.0,0.46774194,0.04032258,0.024193548,0.369,0.3701400136593981,69,N
104.0,2.0,12.0,97.0,4.3461537,2.0,3.0,0.0,0.048543688,0.019417476,0.106796116,0.0,0.0,0.067961164,0.0,0.0,0.0,0.0,0.6730769,0.03846154,0.009615385,0.490,0.35279155533758333,56,N
187.0,4.0,21.0,177.0,3.8823528,2.0,8.0,0.0,0.043010753,0.005376344,0.10215054,0.0,0.0,0.02688172,0.0,0.010752688,0.005376344,0.0,0.5187166,0.053475935,0.03208556,0.525,0.3663454846362668,73,N
154.0,3.0,16.0,138.0,3.883117,3.0,7.0,0.0,0.045454547,0.0,0.097402595,0.0,0.0,0.025974026,0.0,0.0064935065,0.012987013,0.0,0.53246754,0.038961038,0.032467533,0.524,0.36731143211751954,64,N
73.0,1.0,12.0,68.0,4.657534,1.0,2.0,0.0,0.02739726,0.0,0.15068494,0.0,0.0,0.02739726,0.0,0.0,0.02739726,0.0,0.63013697,0.02739726,0.01369863,0.486,0.3632110504068916,65,N
96.0,4.0,15.0,90.0,4.3020835,0.0,3.0,0.0,0.031578947,0.010526316,0.14736842,0.0,0.0,0.042105265,0.0,0.0,0.0,0.0,0.5833333,0.03125,0.03125,0.484,0.3618489708567263,58,N
96.0,1.0,11.0,88.0,4.3854165,0.0,4.0,0.0,0.021052632,0.06315789,0.10526316,0.0,0.0,0.0,0.0,0.0,0.010526316,0.0,0.6458333,0.020833334,0.03125,0.550,0.3708263509910055,80,N
147.0,1.0,16.0,127.0,3.9183674,1.0,9.0,0.0,0.0472973,0.0,0.10135135,0.0,0.0,0.054054055,0.0,0.013513514,0.013513514,0.0,0.5102041,0.040816326,0.0,0.538,0.36475423808504687,70,N
115.0,3.0,15.0,101.0,4.078261,3.0,4.0,0.008547009,0.034188036,0.008547009,0.11965812,0.0,0.0,0.051282052,0.008547009,0.0,0.008547009,0.0,0.5565217,0.04347826,0.0,0.518,0.35350855134382797,47,N
78.0,1.0,13.0,76.0,3.974359,0.0,3.0,0.0,0.064935066,0.0,0.15584415,0.0,0.0,0.103896104,0.0,0.012987013,0.025974026,0.0,0.65384614,0.03846154,0.03846154,0.583,0.35427115367012585,72,N
94.0,7.0,19.0,90.0,4.1489363,0.0,2.0,0.0,0.010869565,0.0,0.18478261,0.010869565,0.0,0.10869565,0.0,0.0,0.0,0.0,0.63829786,0.04255319,0.06382979,0.600,0.3439683337930383,57,N
112.0,3.0,12.0,105.0,4.026786,0.0,7.0,0.0,0.018181818,0.0,0.1,0.0,0.0,0.027272727,0.0,0.009090909,0.0,0.0,0.59821427,0.04464286,0.026785715,0.505,0.36727694787785264,65,N
179.0,7.0,23.0,167.0,4.26257,0.0,8.0,0.0054945056,0.021978023,0.027472528,0.115384616,0.0,0.0,0.04945055,0.0054945056,0.0,0.021978023,0.0,0.5363129,0.02793296,0.02793296,0.566,0.3534933558264418,64,N
286.0,5.0,24.0,258.0,4.143357,0.0,13.0,0.0,0.06271777,0.0,0.07665505,0.0,0.0,0.006968641,0.0,0.013937282,0.013937282,0.0,0.52797204,0.04195804,0.027972028,0.584,0.3563606480356976,66,N
128.0,2.0,17.0,115.0,4.015625,0.0,6.0,0.0,0.047244094,0.023622047,0.12598425,0.0,0.0,0.05511811,0.0,0.007874016,0.007874016,0.0,0.59375,0.0390625,0.015625,0.592,0.36188793871233266,61,N
77.0,1.0,9.0,73.0,3.8441558,0.0,5.0,0.0,0.025641026,0.0,0.102564104,0.012820513,0.0,0.06410257,0.0,0.012820513,0.012820513,0.0,0.6363636,0.064935066,0.0,0.573,0.35242477741961303,55,N
129.0,4.0,14.0,106.0,3.9069767,1.0,10.0,0.0,0.045801528,0.0,0.091603056,0.007633588,0.0,0.022900764,0.0,0.0,0.015267176,0.0,0.49612403,0.03875969,0.007751938,0.524,0.36541908137888973,63,N
80.0,2.0,9.0,73.0,4.1125,0.0,2.0,0.0,0.07594936,0.0,0.101265825,0.0,0.0,0.012658228,0.0,0.0,0.012658228,0.0,0.675,0.0625,0.0,0.558,0.35729907005805067,64,N
85.0,1.0,11.0,79.0,4.2705884,0.0,2.0,0.0,0.023255814,0.0,0.11627907,0.0,0.0,0.023255814,0.0,0.011627907,0.023255814,0.0,0.5058824,0.03529412,0.011764706,0.488,0.36333592481458105,81,N
187.0,4.0,24.0,171.0,4.0855613,2.0,6.0,0.0,0.037837837,0.043243244,0.11891892,0.0,0.0,0.0054054055,0.0,0.0,0.010810811,0.0,0.54010695,0.06417112,0.026737968,0.438,0.3595801842527757,70,N
115.0,4.0,12.0,99.0,4.443478,0.0,2.0,0.0,0.05263158,0.0,0.096491225,0.0,0.0,0.0,0.0,0.00877193,0.0,0.0,0.6,0.034782607,0.026086956,0.513,0.35929669713450446,54,N
176.0,2.0,14.0,126.0,3.9602273,3.0,8.0,0.0056818184,0.028409092,0.0,0.07386363,0.0,0.0,0.017045455,0.0,0.0,0.011363637,0.0,0.48295453,0.056818184,0.028409092,0.613,0.36524092784436707,56,N
80.0,1.0,13.0,78.0,4.325,1.0,1.0,0.012345679,0.0,0.11111111,0.13580246,0.0,0.0,0.074074075,0.0,0.0,0.0,0.0,0.7125,0.05,0.025,0.466,0.3692539077173235,58,N
78.0,2.0,9.0,73.0,4.0128207,0.0,6.0,0.0,0.0,0.012987013,0.103896104,0.0,0.0,0.025974026,0.0,0.0,0.012987013,0.0,0.64102566,0.012820513,0.025641026,0.506,0.3648595981894235,80,N
75.0,2.0,8.0,67.0,4.3733335,0.0,7.0,0.0,0.054054055,0.067567565,0.0945946,0.0,0.0,0.0,0.0,0.04054054,0.0,0.0,0.56,0.053333335,0.026666667,0.506,0.370893571730651,64,N
90.0,2.0,7.0,77.0,4.0333333,0.0,5.0,0.0,0.011111111,0.0,0.06666667,0.0,0.0,0.0,0.0,0.0,0.0,0.0,0.6111111,0.06666667,0.022222223,0.483,0.36089414334490116,58,N
76.0,2.0,12.0,72.0,4.144737,1.0,3.0,0.0,0.05479452,0.0,0.15068494,0.0,0.0,0.06849315,0.0,0.0,0.0,0.0,0.6447368,0.0,0.013157895,0.549,0.35504520839794323,57,N
123.0,5.0,18.0,114.0,4.203252,2.0,3.0,0.008130081,0.016260162,0.0,0.1300813,0.0,0.0,0.040650405,0.0,0.008130081,0.008130081,0.0,0.57723576,0.016260162,0.016260162,0.457,0.36818835188328547,64,N
44.0,1.0,6.0,41.0,4.0454545,1.0,1.0,0.0,0.023255814,0.0,0.11627907,0.0,0.0,0.023255814,0.0,0.0,0.0,0.0,0.6818182,0.0,0.06818182,0.419,0.36080947736672964,53,N
115.0,3.0,16.0,110.0,4.5478263,0.0,1.0,0.0,0.06140351,0.02631579,0.13157895,0.0,0.0,0.07017544,0.01754386,0.01754386,0.0,0.0,0.62608695,0.069565214,0.008695652,0.534,0.3603312527649129,73,N
93.0,2.0,11.0,85.0,3.9139786,0.0,3.0,0.0,0.020833334,0.0,0.104166664,0.0,0.0,0.0625,0.010416667,0.0,0.020833334,0.0,0.6666667,0.06451613,0.0,0.516,0.3633342185492796,65,N
222.0,8.0,21.0,192.0,3.6891892,1.0,7.0,0.0,0.049327355,0.0,0.089686096,0.0,0.0,0.00896861,0.0,0.00896861,0.022421524,0.0,0.46846846,0.04054054,0.018018018,0.511,0.36805926699719577,66,N
59.0,0.0,8.0,56.0,4.016949,0.0,3.0,0.0,0.01724138,0.0,0.12068965,0.0,0.0,0.01724138,0.0,0.0,0.0,0.0,0.6779661,0.033898305,0.016949153,0.414,0.3612088830024004,63,N
118.0,2.0,15.0,112.0,4.4322033,0.0,11.0,0.0,0.033613447,0.042016808,0.11764706,0.0,0.0,0.042016808,0.0,0.016806724,0.033613447,0.0,0.5338983,0.059322033,0.016949153,0.504,0.36861991266513155,73,N
106.0,4.0,21.0,94.0,4.1037736,0.0,4.0,0.00990099,0.04950495,0.0,0.14851485,0.0,0.0,0.03960396,0.0,0.00990099,0.00990099,0.0,0.5943396,0.047169812,0.028301887,0.566,0.3687438364614142,64,N
83.0,2.0,13.0,81.0,3.9759035,3.0,3.0,0.0,0.011904762,0.011904762,0.14285715,0.0,0.0,0.083333336,0.011904762,0.0,0.011904762,0.0,0.73493975,0.084337346,0.04819277,0.537,0.3546608496155288,62,N
134.0,3.0,8.0,109.0,4.067164,0.0,4.0,0.0,0.02189781,0.0,0.05109489,0.0,0.0,0.00729927,0.0,0.01459854,0.01459854,0.0,0.51492536,0.04477612,0.029850746,0.526,0.36548260053320775,52,N
45.0,1.0,6.0,40.0,4.088889,0.0,5.0,0.0,0.06818182,0.045454547,0.11363637,0.0,0.0,0.06818182,0.0,0.022727273,0.0,0.0,0.7111111,0.0,0.0,0.489,0.36031201590997847,63,N
100.0,5.0,13.0,87.0,4.1,0.0,3.0,0.0,0.04761905,0.0,0.114285715,0.0,0.0,0.01904762,0.00952381,0.0,0.01904762,0.0,0.62,0.04,0.03,0.510,0.36559117998691343,68,N
87.0,2.0,14.0,84.0,4.609195,4.0,1.0,0.0,0.058139537,0.011627907,0.15116279,0.0,0.0,0.069767445,0.0,0.0,0.011627907,0.0,0.7241379,0.03448276,0.011494253,0.651,0.36456669360600613,64,N
53.0,2.0,10.0,47.0,4.3962264,0.0,2.0,0.0,0.07692308,0.0,0.17307693,0.0,0.0,0.01923077,0.0,0.01923077,0.01923077,0.0,0.6415094,0.03773585,0.03773585,0.647,0.36637287230157545,64,N
108.0,0.0,12.0,97.0,3.9629629,0.0,5.0,0.0,0.018348623,0.018348623,0.10091743,0.0,0.0,0.027522936,0.0091743115,0.0091743115,0.0091743115,0.0,0.6018519,0.055555556,0.0,0.528,0.36842494328528813,64,N
117.0,4.0,12.0,102.0,4.1025643,0.0,6.0,0.0,0.04310345,0.0,0.094827585,0.0,0.0,0.02586207,0.0,0.00862069,0.00862069,0.0,0.5555556,0.042735044,0.017094018,0.560,0.3681381476115306,58,N
61.0,3.0,9.0,43.0,4.0983605,2.0,1.0,0.0,0.033898305,0.0,0.13559322,0.0,0.0,0.118644066,0.0,0.016949153,0.0,0.0,0.6721311,0.0,0.032786883,0.431,0.3533213427080563,64,N
50.0,1.0,12.0,47.0,4.42,0.0,0.0,0.0,0.08163265,0.0,0.2244898,0.0,0.0,0.20408164,0.0,0.0,0.020408163,0.0,0.76,0.04,0.0,0.583,0.3607451385210725,67,N
139.0,2.0,21.0,128.0,4.4892087,0.0,7.0,0.0,0.028169014,0.0,0.13380282,0.0070422534,0.0,0.09859155,0.0070422534,0.0,0.02112676,0.0,0.5611511,0.007194245,0.007194245,0.485,0.3686236875064604,65,N
79.0,2.0,9.0,71.0,4.151899,1.0,5.0,0.0,0.012820513,0.025641026,0.102564104,0.0,0.0,0.025641026,0.0,0.0,0.012820513,0.0,0.62025315,0.03797468,0.012658228,0.500,0.3679341545337937,64,N
65.0,1.0,8.0,59.0,3.7538462,1.0,2.0,0.0,0.015625,0.0,0.109375,0.0,0.0,0.03125,0.0,0.0,0.0,0.0,0.64615387,0.0,0.015384615,0.438,0.35981615557259805,62,N
154.0,8.0,19.0,139.0,4.2077923,0.0,6.0,0.0,0.025974026,0.0,0.11038961,0.0064935065,0.0,0.032467533,0.0,0.0,0.0064935065,0.0,0.6168831,0.064935066,0.025974026,0.567,0.36739628588327683,72,N
152.0,8.0,19.0,132.0,4.0986843,0.0,3.0,0.0,0.03311258,0.0066225166,0.119205296,0.0066225166,0.0,0.026490066,0.013245033,0.013245033,0.0066225166,0.0,0.55263156,0.059210528,0.059210528,0.460,0.35697614476633893,58,N
132.0,5.0,21.0,126.0,3.9166667,0.0,6.0,0.0,0.0076923077,0.0076923077,0.15384616,0.0,0.0,0.046153847,0.0,0.0076923077,0.0076923077,0.0,0.5,0.060606062,0.03787879,0.442,0.36552645033823744,67,N
42.0,0.0,7.0,39.0,4.142857,0.0,1.0,0.022222223,0.022222223,0.0,0.13333334,0.022222223,0.0,0.044444446,0.0,0.0,0.044444446,0.0,0.5952381,0.023809524,0.0,0.439,0.3502134963277134,50,N
158.0,2.0,10.0,128.0,4.240506,0.0,5.0,0.0,0.031446543,0.025157232,0.056603774,0.012578616,0.0,0.018867925,0.0,0.006289308,0.006289308,0.0,0.5,0.050632913,0.03164557,0.553,0.3577189677852695,64,N
105.0,2.0,9.0,89.0,3.9809523,1.0,7.0,0.0,0.01923077,0.03846154,0.07692308,0.009615385,0.0,0.0,0.0,0.0,0.0,0.0,0.6571429,0.057142857,0.03809524,0.546,0.36264857223248825,64,N
150.0,6.0,23.0,131.0,4.1266665,1.0,7.0,0.0,0.0397351,0.0,0.13907285,0.0,0.0,0.052980132,0.0066225166,0.013245033,0.013245033,0.0,0.54,0.033333335,0.04,0.552,0.3587216587462259,69,N
178.0,8.0,21.0,156.0,3.8370786,1.0,4.0,0.0,0.034285713,0.0,0.10285714,0.0057142857,0.0,0.034285713,0.0,0.0,0.0057142857,0.0,0.53932583,0.07865169,0.02247191,0.523,0.3590501726178552,78,N
42.0,0.0,10.0,40.0,4.642857,0.0,1.0,0.024390243,0.024390243,0.0,0.2195122,0.0,0.0,0.19512194,0.0,0.0,0.0,0.0,0.85714287,0.023809524,0.023809524,0.538,0.36523298212585636,57,N
65.0,1.0,10.0,57.0,3.8615384,0.0,4.0,0.0,0.031746034,0.0,0.14285715,0.0,0.0,0.07936508,0.0,0.0,0.0,0.0,0.6769231,0.07692308,0.015384615,0.516,0.35835249951338627,59,N
104.0,1.0,15.0,99.0,4.0,0.0,9.0,0.0,0.04761905,0.00952381,0.13333334,0.0,0.0,0.03809524,0.0,0.00952381,0.00952381,0.0,0.625,0.048076924,0.009615385,0.626,0.367699255539941,64,N
68.0,2.0,14.0,68.0,4.5,0.0,1.0,0.0,0.03076923,0.0,0.2,0.0,0.0,0.06153846,0.0,0.0,0.0,0.0,0.6617647,0.0,0.014705882,0.477,0.36458398071279513,64,N
67.0,1.0,10.0,65.0,4.373134,2.0,3.0,0.0,0.015384615,0.046153847,0.13846155,0.015384615,0.0,0.03076923,0.0,0.0,0.0,0.0,0.74626863,0.029850746,0.0,0.507,0.3563310259820095,64,N
88.0,1.0,14.0,80.0,4.068182,0.0,4.0,0.0,0.03448276,0.0,0.14942528,0.0,0.0,0.03448276,0.0,0.011494253,0.0,0.0,0.48863637,0.045454547,0.0,0.529,0.36361648246419387,57,N
155.0,3.0,18.0,141.0,4.019355,2.0,8.0,0.0,0.044871796,0.012820513,0.10897436,0.0,0.0,0.03846154,0.0064102565,0.0,0.012820513,0.0,0.5225806,0.08387097,0.012903226,0.627,0.35557036063726155,70,N
116.0,4.0,11.0,101.0,4.293103,3.0,7.0,0.0,0.00862069,0.0,0.0862069,0.0,0.0,0.03448276,0.0,0.0,0.01724138,0.0,0.6637931,0.060344826,0.03448276,0.605,0.3625979850913057,64,N
106.0,6.0,11.0,93.0,4.1320753,1.0,6.0,0.0,0.00952381,0.03809524,0.0952381,0.0,0.0,0.00952381,0.0,0.0,0.00952381,0.0,0.6509434,0.0754717,0.028301887,0.505,0.3646971732218386,67,N
56.0,1.0,10.0,54.0,4.25,1.0,2.0,0.01754386,0.03508772,0.0,0.15789473,0.01754386,0.0,0.0877193,0.0,0.0,0.0,0.0,0.66071427,0.035714287,0.0,0.509,0.36692395770653813,64,N
60.0,1.0,10.0,55.0,4.05,0.0,1.0,0.0,0.0,0.0,0.15517241,0.0,0.0,0.05172414,0.0,0.0,0.0,0.0,0.68333334,0.033333335,0.0,0.407,0.3640288719539521,64,N
108.0,2.0,21.0,100.0,4.4444447,0.0,7.0,0.009433962,0.028301887,0.0,0.18867925,0.0,0.0,0.08490566,0.0,0.009433962,0.0,0.0,0.6018519,0.018518519,0.027777778,0.486,0.3650295189490281,79,N
225.0,2.0,21.0,198.0,3.8266666,6.0,5.0,0.0,0.04385965,0.0,0.0877193,0.0,0.0,0.01754386,0.0,0.00877193,0.030701755,0.0,0.42222223,0.04,0.017777778,0.566,0.36812701167734246,72,N
49.0,1.0,8.0,48.0,4.632653,0.0,1.0,0.02,0.02,0.04,0.14,0.0,0.0,0.06,0.0,0.0,0.02,0.0,0.7755102,0.020408163,0.020408163,0.367,0.36271173188071065,71,N
85.0,2.0,13.0,78.0,4.0588236,0.0,2.0,0.0,0.011904762,0.011904762,0.14285715,0.0,0.0,0.04761905,0.0,0.0,0.0,0.0,0.5764706,0.047058824,0.0,0.390,0.36193361036892807,67,N
80.0,3.0,19.0,79.0,4.3875,0.0,0.0,0.0125,0.0625,0.0,0.225,0.0,0.0,0.2125,0.0125,0.025,0.0125,0.0,0.7125,0.0375,0.0375,0.533,0.3637494068565328,57,N
158.0,8.0,18.0,149.0,4.120253,3.0,4.0,0.0,0.044871796,0.0,0.102564104,0.0,0.0,0.01923077,0.0064102565,0.0064102565,0.0,0.0,0.56329113,0.088607594,0.056962024,0.535,0.3523490281996323,60,N
161.0,7.0,17.0,139.0,4.0559006,1.0,5.0,0.0,0.025,0.0,0.1,0.0,0.0,0.025,0.0,0.00625,0.00625,0.0,0.51552796,0.031055901,0.03726708,0.459,0.36270942376085114,59,N
56.0,2.0,9.0,50.0,4.089286,0.0,4.0,0.0,0.018518519,0.0,0.14814815,0.0,0.0,0.055555556,0.0,0.0,0.0,0.0,0.6964286,0.08928572,0.0,0.537,0.35823703971149706,74,N
59.0,3.0,13.0,55.0,4.2881355,0.0,2.0,0.0,0.05263158,0.0,0.21052632,0.0,0.0,0.0877193,0.0,0.0,0.0,0.0,0.6440678,0.033898305,0.0,0.526,0.3625471087394504,64,N
103.0,2.0,11.0,93.0,3.9514563,0.0,5.0,0.0,0.028846154,0.009615385,0.09615385,0.01923077,0.0,0.048076924,0.0,0.009615385,0.009615385,0.0,0.63106793,0.067961164,0.029126214,0.590,0.3573895650891991,64,N
87.0,3.0,14.0,84.0,4.195402,0.0,3.0,0.0,0.047058824,0.0,0.15294118,0.011764706,0.0,0.011764706,0.0,0.0,0.011764706,0.0,0.6091954,0.022988506,0.03448276,0.578,0.35761334226186875,48,N
92.0,6.0,15.0,86.0,4.119565,0.0,1.0,0.0,0.010989011,0.0,0.15384616,0.0,0.0,0.043956045,0.0,0.010989011,0.010989011,0.0,0.6413044,0.0,0.02173913,0.478,0.36733558900967556,63,N
190.0,4.0,21.0,170.0,4.068421,0.0,8.0,0.0,0.042105265,0.010526316,0.1,0.0,0.0,0.015789473,0.0,0.0,0.015789473,0.0,0.51578945,0.057894737,0.02631579,0.572,0.3599295509304549,64,N
101.0,1.0,15.0,91.0,3.910891,0.0,5.0,0.00990099,0.00990099,0.0,0.13861386,0.0,0.0,0.05940594,0.0,0.0,0.0,0.0,0.5148515,0.06930693,0.03960396,0.447,0.3570704207010674,66,N
93.0,0.0,17.0,90.0,4.5268817,1.0,4.0,0.0,0.032967035,0.010989011,0.15384616,0.010989011,0.0,0.043956045,0.0,0.0,0.010989011,0.0,0.50537634,0.043010753,0.0,0.632,0.35765211302858985,87,Y
99.0,2.0,18.0,88.0,4.353535,0.0,5.0,0.0,0.06,0.03,0.14,0.01,0.0,0.07,0.03,0.0,0.03,0.0,0.57575756,0.030303031,0.01010101,0.594,0.368781235747718,78,Y
97.0,5.0,17.0,94.0,4.814433,0.0,3.0,0.0,0.032258064,0.06451613,0.15053764,0.0,0.0,0.05376344,0.0,0.021505376,0.021505376,0.0,0.556701,0.0927835,0.020618556,0.598,0.36187323330885274,71,Y
43.0,2.0,9.0,40.0,4.0465117,0.0,1.0,0.0,0.06818182,0.022727273,0.18181819,0.022727273,0.0,0.06818182,0.022727273,0.045454547,0.0,0.0,0.627907,0.046511628,0.0,0.548,0.36706488203626497,54,Y
85.0,1.0,13.0,82.0,3.9529412,0.0,4.0,0.0,0.011235955,0.033707865,0.13483146,0.011235955,0.0,0.056179777,0.0,0.011235955,0.033707865,0.0,0.6,0.05882353,0.0,0.500,0.34223828730252653,71,Y
53.0,1.0,9.0,50.0,3.962264,0.0,2.0,0.0,0.0,0.0,0.15384616,0.0,0.0,0.07692308,0.0,0.03846154,0.01923077,0.0,0.5660377,0.11320755,0.094339624,0.592,0.36578761047690184,70,Y
74.0,0.0,12.0,67.0,4.0540543,1.0,3.0,0.0,0.0,0.02739726,0.15068494,0.0,0.0,0.08219178,0.0,0.0,0.01369863,0.0,0.6216216,0.04054054,0.027027028,0.458,0.36063457269841886,68,Y
194.0,4.0,27.0,185.0,4.257732,1.0,12.0,0.014851485,0.004950495,0.00990099,0.12376238,0.0,0.0,0.044554457,0.024752475,0.0,0.014851485,0.0,0.58247423,0.06185567,0.025773196,0.552,0.35880170159696323,67,Y
54.0,0.0,8.0,50.0,4.185185,0.0,2.0,0.0,0.0,0.0,0.13461539,0.0,0.0,0.01923077,0.0,0.0,0.0,0.0,0.7592593,0.037037037,0.0,0.431,0.372493014686011,78,Y
84.0,4.0,12.0,83.0,4.154762,0.0,5.0,0.0,0.03529412,0.07058824,0.12941177,0.011764706,0.0,0.0,0.0,0.0,0.0,0.0,0.5595238,0.0952381,0.011904762,0.489,0.3595871768521001,78,Y
72.0,1.0,14.0,69.0,4.4027777,0.0,4.0,0.04,0.026666667,0.06666667,0.17333333,0.0,0.0,0.04,0.0,0.013333334,0.0,0.0,0.6111111,0.083333336,0.027777778,0.520,0.3607252767175302,69,Y
27.0,0.0,5.0,26.0,4.037037,0.0,1.0,0.0,0.033333335,0.0,0.13333334,0.0,0.0,0.1,0.06666667,0.0,0.033333335,0.0,0.7037037,0.037037037,0.0,0.440,0.36438362607938357,64,Y
94.0,3.0,12.0,85.0,4.0957446,1.0,4.0,0.0,0.043010753,0.0,0.11827957,0.0,0.0,0.043010753,0.0,0.0,0.010752688,0.0,0.64893615,0.07446808,0.021276595,0.587,0.3582458662836849,79,Y
62.0,0.0,8.0,50.0,4.16129,0.0,4.0,0.0,0.032258064,0.048387095,0.11290322,0.0,0.0,0.032258064,0.0,0.032258064,0.0,0.0,0.7258065,0.06451613,0.032258064,0.484,0.35966934886113433,70,Y
171.0,4.0,20.0,166.0,3.9298246,0.0,9.0,0.0,0.01775148,0.00591716,0.112426035,0.0,0.0,0.0295858,0.0,0.00591716,0.00591716,0.0,0.5847953,0.09356725,0.03508772,0.591,0.3622430373192329,61,Y
45.0,1.0,4.0,39.0,3.9777777,0.0,2.0,0.0,0.0,0.0,0.06382979,0.0,0.0,0.021276595,0.0,0.0,0.021276595,0.0,0.7777778,0.06666667,0.022222223,0.477,0.36827571111417257,80,Y
227.0,5.0,26.0,201.0,4.035242,3.0,6.0,0.0044247787,0.048672568,0.0,0.092920355,0.0044247787,0.0,0.0088495575,0.0044247787,0.0088495575,0.022123894,0.0,0.40528634,0.04845815,0.0,0.493,0.3608626122833359,63,Y
77.0,1.0,18.0,74.0,4.5324674,0.0,4.0,0.025974026,0.038961038,0.064935066,0.20779221,0.0,0.0,0.103896104,0.0,0.025974026,0.0,0.0,0.6883117,0.116883114,0.025974026,0.530,0.36881203905402404,68,Y
96.0,3.0,12.0,85.0,4.1041665,1.0,6.0,0.010309278,0.05154639,0.020618556,0.11340206,0.010309278,0.0,0.072164945,0.0,0.0,0.0,0.0,0.59375,0.041666668,0.03125,0.520,0.3570747112185617,83,Y
42.0,0.0,9.0,41.0,4.404762,1.0,2.0,0.0,0.024390243,0.048780486,0.17073171,0.0,0.0,0.07317073,0.0,0.0,0.0,0.0,0.8095238,0.04761905,0.0,0.524,0.3537858031060849,50,Y
65.0,1.0,14.0,58.0,4.6307693,0.0,2.0,0.015151516,0.015151516,0.09090909,0.1969697,0.0,0.0,0.13636364,0.0,0.030303031,0.030303031,0.0,0.5692308,0.10769231,0.0,0.455,0.3590676033968445,64,Y
83.0,1.0,11.0,71.0,4.3493977,0.0,3.0,0.0,0.03529412,0.0,0.11764706,0.0,0.0,0.05882353,0.0,0.0,0.0,0.0,0.6385542,0.036144577,0.024096385,0.425,0.3710224382068542,63,Y
301.0,5.0,39.0,291.0,4.1727576,6.0,18.0,0.0,0.03691275,0.010067114,0.10738255,0.0033557047,0.0,0.043624163,0.010067114,0.0067114094,0.0067114094,0.0,0.41860464,0.04318937,0.029900333,0.668,0.35549123863874094,71,Y
173.0,6.0,29.0,158.0,4.00578,0.0,6.0,0.0054945056,0.027472528,0.010989011,0.14835165,0.0054945056,0.0,0.08791209,0.021978023,0.010989011,0.027472528,0.0,0.41618496,0.09248555,0.028901733,0.548,0.35425207281684945,81,Y
71.0,3.0,15.0,66.0,4.366197,0.0,2.0,0.014492754,0.072463766,0.08695652,0.20289855,0.0,0.0,0.13043478,0.0,0.014492754,0.0,0.0,0.70422536,0.08450704,0.014084507,0.513,0.36345278934684694,71,Y
297.0,2.0,30.0,219.0,3.7508419,2.0,14.0,0.009584664,0.047923323,0.0031948881,0.079872206,0.0063897762,0.0,0.057507988,0.0127795525,0.03514377,0.028753994,0.0,0.35690236,0.060606062,0.0067340066,0.616,0.35409645177927374,66,Y
136.0,4.0,20.0,122.0,4.4117646,1.0,4.0,0.007518797,0.04511278,0.02255639,0.120300755,0.007518797,0.0,0.05263158,0.0,0.0,0.007518797,0.0,0.52205884,0.0882353,0.007352941,0.529,0.36313057771028096,79,Y
127.0,2.0,10.0,109.0,3.8031497,2.0,7.0,0.0,0.007874016,0.0,0.070866145,0.0,0.0,0.0,0.0,0.0,0.007874016,0.0,0.5748032,0.062992126,0.047244094,0.488,0.3630576962488254,74,Y
125.0,3.0,16.0,121.0,4.176,0.0,4.0,0.015037594,0.04511278,0.037593983,0.11278196,0.02255639,0.0,0.067669176,0.007518797,0.02255639,0.030075189,0.0,0.528,0.096,0.008,0.551,0.358943506443849,71,Y
109.0,0.0,13.0,99.0,3.8348625,0.0,3.0,0.0,0.009090909,0.018181818,0.10909091,0.0,0.0,0.009090909,0.0,0.009090909,0.0,0.0,0.559633,0.027522936,0.018348623,0.404,0.3666574316934959,72,Y
57.0,1.0,7.0,55.0,4.0350876,1.0,3.0,0.0,0.01724138,0.01724138,0.10344828,0.0,0.0,0.01724138,0.0,0.0,0.03448276,0.0,0.71929824,0.05263158,0.05263158,0.456,0.3654363933648612,66,Y
72.0,2.0,10.0,66.0,4.0416665,0.0,3.0,0.0,0.02739726,0.05479452,0.12328767,0.0,0.0,0.05479452,0.01369863,0.0,0.01369863,0.0,0.6805556,0.083333336,0.0,0.506,0.35466632803713716,66,Y
73.0,0.0,13.0,67.0,4.1643834,0.0,5.0,0.0,0.054054055,0.027027028,0.14864865,0.0,0.0,0.04054054,0.0,0.0,0.013513514,0.0,0.56164384,0.04109589,0.04109589,0.507,0.3646894089111112,83,Y
38.0,2.0,8.0,38.0,4.263158,0.0,1.0,0.0,0.0,0.075,0.175,0.025,0.0,0.075,0.0,0.0,0.0,0.0,0.65789473,0.078947365,0.0,0.500,0.3730935264815081,63,Y
62.0,0.0,10.0,57.0,4.048387,0.0,0.0,0.0,0.048387095,0.0,0.14516129,0.0,0.0,0.032258064,0.0,0.0,0.032258064,0.0,0.5967742,0.032258064,0.016129032,0.544,0.36129783501697554,53,Y
133.0,1.0,17.0,117.0,4.56391,1.0,6.0,0.0,0.022900764,0.022900764,0.099236645,0.007633588,0.0,0.022900764,0.007633588,0.015267176,0.015267176,0.0,0.49624062,0.09022556,0.037593983,0.621,0.3611783557193908,72,Y
91.0,1.0,10.0,81.0,4.2087913,1.0,6.0,0.0,0.022222223,0.022222223,0.1,0.0,0.0,0.011111111,0.0,0.011111111,0.0,0.0,0.62637365,0.07692308,0.010989011,0.527,0.3615497227621128,75,Y
77.0,1.0,12.0,68.0,3.935065,0.0,4.0,0.03846154,0.03846154,0.025641026,0.14102565,0.0,0.0,0.08974359,0.012820513,0.012820513,0.0,0.0,0.6363636,0.025974026,0.025974026,0.587,0.3569026917641258,75,Y
87.0,2.0,11.0,77.0,3.7816093,0.0,4.0,0.0,0.023255814,0.011627907,0.10465116,0.0,0.0,0.034883723,0.0,0.0,0.011627907,0.0,0.6666667,0.04597701,0.022988506,0.465,0.35827306018545363,69,Y
186.0,6.0,26.0,173.0,4.327957,1.0,3.0,0.0,0.040816326,0.0,0.12244898,0.0,0.0,0.045918368,0.0051020407,0.0051020407,0.040816326,0.0,0.4623656,0.05376344,0.010752688,0.580,0.3617536423768623,69,Y
58.0,0.0,5.0,55.0,3.9310346,1.0,1.0,0.016949153,0.016949153,0.016949153,0.06779661,0.0,0.0,0.016949153,0.0,0.0,0.0,0.0,0.8103448,0.06896552,0.03448276,0.552,0.37343120834630755,79,Y
316.0,5.0,31.0,261.0,4.107595,6.0,9.0,0.012307692,0.018461538,0.012307692,0.092307694,0.003076923,0.0,0.05230769,0.003076923,0.009230769,0.018461538,0.0,0.51898736,0.03797468,0.04113924,0.557,0.3526181149257196,65,Y
96.0,3.0,11.0,86.0,4.1145835,3.0,7.0,0.0,0.03883495,0.019417476,0.097087376,0.0,0.0,0.029126214,0.009708738,0.009708738,0.03883495,0.0,0.53125,0.052083332,0.03125,0.515,0.36784128247086917,57,Y
181.0,4.0,31.0,173.0,4.0,2.0,9.0,0.005154639,0.036082473,0.0154639175,0.15463917,0.005154639,0.0,0.12371134,0.030927835,0.005154639,0.010309278,0.0,0.49723756,0.08839779,0.011049724,0.626,0.35619628457475694,84,Y
95.0,1.0,14.0,77.0,4.4842105,2.0,2.0,0.0,0.030927835,0.0,0.13402061,0.0,0.0,0.05154639,0.010309278,0.010309278,0.010309278,0.0,0.6105263,0.042105265,0.010526316,0.553,0.36195413517642494,78,Y
52.0,0.0,8.0,47.0,4.3653846,0.0,1.0,0.0,0.056603774,0.0754717,0.13207547,0.0,0.0,0.018867925,0.0,0.03773585,0.03773585,0.0,0.63461536,0.07692308,0.0,0.446,0.37798820807614547,71,Y
95.0,2.0,10.0,84.0,3.768421,2.0,6.0,0.0,0.031578947,0.0,0.094736844,0.0,0.0,0.031578947,0.0,0.0,0.021052632,0.0,0.58947366,0.010526316,0.021052632,0.576,0.3651961680378281,71,Y
128.0,1.0,22.0,119.0,4.09375,1.0,3.0,0.016260162,0.008130081,0.0,0.14634146,0.008130081,0.0,0.032520324,0.0,0.0,0.0,0.0,0.6015625,0.109375,0.0390625,0.578,0.37332820922445814,83,Y
98.0,3.0,10.0,90.0,3.7346938,1.0,4.0,0.0,0.06185567,0.020618556,0.0927835,0.0,0.0,0.020618556,0.0,0.0,0.010309278,0.0,0.63265306,0.05102041,0.030612245,0.459,0.35897496587526484,77,Y
95.0,3.0,18.0,91.0,4.2,0.0,4.0,0.0,0.030927835,0.06185567,0.17525773,0.010309278,0.0,0.11340206,0.010309278,0.0,0.020618556,0.0,0.68421054,0.1368421,0.010526316,0.568,0.36400571889653854,81,Y
40.0,0.0,8.0,40.0,4.625,0.0,3.0,0.0,0.0,0.12820514,0.17948718,0.0,0.0,0.051282052,0.0,0.0,0.025641026,0.0,0.85,0.125,0.0,0.512,0.37174621310991207,74,Y
138.0,3.0,16.0,131.0,3.9347825,0.0,5.0,0.0,0.029850746,0.07462686,0.1119403,0.0074626864,0.0,0.03731343,0.0,0.029850746,0.0,0.0,0.46376812,0.028985508,0.028985508,0.411,0.3507943923920907,67,Y
223.0,2.0,25.0,199.0,3.8340807,2.0,9.0,0.004255319,0.05531915,0.004255319,0.09361702,0.012765957,0.0,0.04680851,0.0,0.008510638,0.025531914,0.0,0.3497758,0.06278027,0.013452915,0.655,0.3554321688769015,84,Y
101.0,1.0,16.0,90.0,4.366337,0.0,1.0,0.01010101,0.09090909,0.0,0.13131313,0.0,0.0,0.01010101,0.0,0.01010101,0.02020202,0.0,0.47524753,0.02970297,0.0,0.568,0.37361131069533204,78,Y
381.0,11.0,78.0,354.0,3.792651,2.0,4.0,0.0,0.041884817,0.013089005,0.18586387,0.005235602,0.0,0.17801048,0.013089005,0.028795812,0.010471204,0.0,0.2992126,0.07349081,0.007874016,0.624,0.3571863862779865,61,Y
52.0,1.0,7.0,50.0,4.480769,0.0,5.0,0.0,0.06,0.1,0.12,0.0,0.0,0.04,0.0,0.0,0.0,0.0,0.7307692,0.07692308,0.03846154,0.545,0.37233280894321363,60,Y
117.0,0.0,15.0,93.0,4.188034,0.0,3.0,0.0,0.0625,0.03125,0.1015625,0.0,0.0,0.0625,0.0078125,0.03125,0.0546875,0.0,0.46153846,0.0,0.008547009,0.576,0.36584653481617346,71,Y
76.0,0.0,7.0,55.0,3.9210527,0.0,3.0,0.0,0.037037037,0.024691358,0.074074075,0.0,0.0,0.049382716,0.0,0.024691358,0.024691358,0.0,0.40789473,0.05263158,0.0,0.562,0.36427502632812336,62,Y
85.0,1.0,13.0,81.0,4.388235,1.0,1.0,0.0,0.058139537,0.069767445,0.13953489,0.0,0.0,0.046511628,0.0,0.011627907,0.034883723,0.0,0.6117647,0.08235294,0.023529412,0.644,0.3698383406137195,85,Y
126.0,3.0,17.0,78.0,3.8412697,0.0,6.0,0.0,0.083333336,0.030303031,0.10606061,0.007575758,0.0,0.053030305,0.007575758,0.030303031,0.015151516,0.0,0.42857143,0.031746034,0.015873017,0.695,0.3495067699945399,61,Y
61.0,1.0,6.0,57.0,4.163934,0.0,2.0,0.0,0.05,0.05,0.083333336,0.0,0.0,0.0,0.0,0.016666668,0.0,0.0,0.72131145,0.016393442,0.016393442,0.453,0.3597055379393603,71,Y
110.0,2.0,12.0,93.0,4.0363636,1.0,8.0,0.0,0.044247787,0.017699115,0.097345136,0.017699115,0.0,0.03539823,0.0088495575,0.026548672,0.0088495575,0.0,0.5,0.09090909,0.009090909,0.505,0.35647446602928134,65,Y
68.0,3.0,11.0,65.0,4.779412,0.0,5.0,0.0,0.04477612,0.07462686,0.14925373,0.0,0.0,0.04477612,0.0,0.0,0.0,0.0,0.6617647,0.05882353,0.029411765,0.606,0.35238042519100615,75,Y
120.0,0.0,18.0,110.0,4.15,0.0,8.0,0.007874016,0.05511811,0.015748031,0.13385826,0.0,0.0,0.09448819,0.007874016,0.023622047,0.031496063,0.0,0.59166664,0.06666667,0.025,0.620,0.3664196917243024,82,Y
69.0,1.0,5.0,48.0,3.9275362,0.0,3.0,0.0,0.014492754,0.0,0.057971016,0.0,0.0,0.028985508,0.0,0.014492754,0.014492754,0.0,0.5942029,0.072463766,0.028985508,0.597,0.3679189793513836,71,Y
75.0,4.0,9.0,69.0,4.2266665,0.0,4.0,0.0,0.051282052,0.0,0.102564104,0.0,0.0,0.03846154,0.0,0.0,0.025641026,0.0,0.6933333,0.053333335,0.013333334,0.595,0.3632328349442498,67,Y
123.0,0.0,12.0,109.0,4.130081,1.0,8.0,0.0,0.048387095,0.008064516,0.088709675,0.0,0.0,0.032258064,0.0,0.016129032,0.024193548,0.0,0.6097561,0.08130081,0.032520324,0.645,0.3562774781847401,71,Y
44.0,2.0,8.0,43.0,4.181818,0.0,4.0,0.0,0.0,0.04761905,0.16666667,0.0,0.0,0.04761905,0.0,0.0,0.0,0.0,0.8863636,0.045454547,0.0,0.455,0.36325505208224057,79,Y
123.0,3.0,13.0,103.0,4.0650406,0.0,4.0,0.0,0.055555556,0.015873017,0.0952381,0.0,0.0,0.04761905,0.007936508,0.015873017,0.015873017,0.0,0.5609756,0.040650405,0.016260162,0.630,0.3545318299389861,61,Y
133.0,4.0,19.0,125.0,3.6015038,1.0,7.0,0.00729927,0.02919708,0.0,0.13138686,0.01459854,0.0,0.10948905,0.0,0.00729927,0.0,0.0,0.5112782,0.10526316,0.015037594,0.611,0.34207785706541144,64,Y
108.0,2.0,15.0,89.0,3.9814816,1.0,4.0,0.036363635,0.0,0.0,0.12727273,0.0,0.0,0.08181818,0.0,0.018181818,0.009090909,0.0,0.6111111,0.037037037,0.009259259,0.520,0.3573086061363889,60,Y
43.0,1.0,8.0,43.0,4.162791,0.0,3.0,0.0,0.0,0.023255814,0.1627907,0.023255814,0.0,0.069767445,0.0,0.0,0.0,0.0,0.74418604,0.093023255,0.023255814,0.535,0.3660836883739487,79,Y
267.0,8.0,24.0,227.0,4.116105,2.0,8.0,0.007380074,0.014760148,0.022140222,0.084870845,0.007380074,0.0,0.033210333,0.0,0.014760148,0.014760148,0.0,0.48314607,0.033707865,0.029962547,0.483,0.36025531484319634,66,Y
129.0,3.0,14.0,110.0,4.0542636,0.0,7.0,0.0,0.07633588,0.007633588,0.099236645,0.007633588,0.0,0.045801528,0.0,0.0,0.022900764,0.0,0.5271318,0.031007752,0.015503876,0.532,0.35689643448269043,71,Y
51.0,0.0,14.0,50.0,3.9411764,0.0,0.0,0.019607844,0.039215688,0.039215688,0.23529412,0.0,0.0,0.1764706,0.0,0.0,0.019607844,0.0,0.5686275,0.039215688,0.0,0.412,0.34056899253077605,77,Y
120.0,4.0,16.0,114.0,4.025,1.0,6.0,0.0,0.024793388,0.016528925,0.11570248,0.0,0.0,0.041322313,0.016528925,0.008264462,0.016528925,0.0,0.43333334,0.06666667,0.05,0.542,0.3668096431987371,79,Y
254.0,6.0,28.0,231.0,4.0669293,2.0,10.0,0.0,0.026923077,0.011538462,0.103846155,0.0076923077,0.0,0.03846154,0.0038461538,0.0038461538,0.023076924,0.0,0.43700787,0.05511811,0.023622047,0.498,0.358501785515485,77,Y
60.0,0.0,7.0,57.0,3.8333333,0.0,3.0,0.0,0.0,0.016666668,0.1,0.0,0.0,0.033333335,0.0,0.0,0.016666668,0.0,0.71666664,0.033333335,0.0,0.492,0.3627786546643521,49,Y
98.0,3.0,11.0,83.0,4.0816326,1.0,4.0,0.0,0.01923077,0.028846154,0.086538464,0.028846154,0.0,0.009615385,0.0,0.009615385,0.03846154,0.0,0.46938777,0.071428575,0.010204081,0.455,0.36661702094507803,88,Y
96.0,0.0,12.0,90.0,4.1979165,0.0,4.0,0.0,0.040816326,0.0,0.1122449,0.0,0.0,0.05102041,0.010204081,0.0,0.010204081,0.0,0.5625,0.041666668,0.020833334,0.576,0.3562567847229165,64,Y
117.0,2.0,16.0,106.0,4.230769,0.0,6.0,0.008264462,0.016528925,0.05785124,0.12396694,0.008264462,0.0,0.049586777,0.0,0.0,0.03305785,0.0,0.5811966,0.08547009,0.017094018,0.504,0.3657229242309748,57,Y
118.0,0.0,15.0,114.0,3.7711864,0.0,10.0,0.0,0.0661157,0.03305785,0.11570248,0.0,0.0,0.03305785,0.0,0.0,0.024793388,0.0,0.45762712,0.025423728,0.008474576,0.568,0.35907298010877436,86,Y
134.0,1.0,15.0,119.0,4.0373135,3.0,5.0,0.0074074073,0.022222223,0.05185185,0.1037037,0.0,0.0,0.05925926,0.0074074073,0.0,0.0,0.0,0.5970149,0.08208955,0.03731343,0.507,0.3629007097414576,71,Y
67.0,2.0,9.0,63.0,4.2686567,0.0,2.0,0.0,0.014084507,0.0,0.112676054,0.014084507,0.0,0.028169014,0.0,0.0,0.028169014,0.0,0.6268657,0.04477612,0.029850746,0.500,0.36038228149364543,66,Y
142.0,1.0,16.0,130.0,3.7605634,1.0,12.0,0.0068965517,0.027586207,0.0068965517,0.10344828,0.0,0.0,0.03448276,0.0,0.0,0.020689655,0.0,0.48591548,0.07746479,0.0070422534,0.582,0.36457786566099604,69,Y
148.0,7.0,16.0,133.0,3.8986487,0.0,7.0,0.006756757,0.054054055,0.0,0.10135135,0.0,0.0,0.013513514,0.0,0.0,0.013513514,0.0,0.527027,0.027027028,0.013513514,0.483,0.3643198039744411,70,Y
111.0,2.0,18.0,107.0,4.189189,0.0,3.0,0.017094018,0.034188036,0.017094018,0.14529915,0.0,0.0,0.12820514,0.0,0.017094018,0.034188036,0.0,0.6576577,0.054054055,0.009009009,0.486,0.33780958779009057,65,Y
144.0,1.0,16.0,122.0,4.0347223,0.0,9.0,0.0,0.05263158,0.02631579,0.09210526,0.0065789474,0.0,0.02631579,0.0,0.019736841,0.032894738,0.0,0.4236111,0.048611112,0.034722224,0.605,0.3598655485540046,70,Y
47.0,0.0,7.0,43.0,4.2765956,0.0,2.0,0.0,0.04255319,0.06382979,0.12765957,0.0,0.0,0.04255319,0.0,0.04255319,0.0,0.0,0.68085104,0.04255319,0.04255319,0.500,0.3690557439249378,55,Y
148.0,5.0,21.0,139.0,3.6689188,2.0,7.0,0.0,0.019607844,0.006535948,0.13071896,0.026143791,0.0,0.07189543,0.006535948,0.006535948,0.026143791,0.0,0.45945945,0.10135135,0.0,0.528,0.3641385964682491,79,Y
169.0,4.0,18.0,153.0,3.9053254,2.0,7.0,0.0,0.06321839,0.01724138,0.09770115,0.0,0.0,0.057471264,0.01724138,0.011494253,0.022988506,0.0,0.5147929,0.06508876,0.02366864,0.526,0.3594849352800363,87,Y
65.0,3.0,9.0,60.0,4.1846156,0.0,2.0,0.0,0.04477612,0.0,0.11940298,0.029850746,0.0,0.04477612,0.0,0.0,0.014925373,0.0,0.61538464,0.03076923,0.07692308,0.565,0.3670840281564314,50,Y
123.0,0.0,20.0,107.0,3.9674797,0.0,6.0,0.0,0.016806724,0.0,0.15966387,0.0,0.0,0.10084034,0.0,0.0,0.008403362,0.0,0.40650406,0.05691057,0.0,0.398,0.3635372303209983,85,Y
118.0,1.0,10.0,96.0,4.1355934,2.0,3.0,0.0,0.040983606,0.008196721,0.07377049,0.0,0.0,0.032786883,0.0,0.008196721,0.032786883,0.0,0.5338983,0.059322033,0.0,0.529,0.3581750520823842,73,Y
128.0,2.0,19.0,120.0,3.84375,1.0,6.0,0.0,0.031007752,0.023255814,0.12403101,0.007751938,0.0,0.10852713,0.007751938,0.007751938,0.015503876,0.0,0.609375,0.0625,0.03125,0.536,0.36236996730795135,65,Y
33.0,0.0,6.0,28.0,3.969697,0.0,3.0,0.0,0.0882353,0.0,0.14705883,0.0,0.0,0.0882353,0.0,0.0,0.029411765,0.0,0.6666667,0.030303031,0.0,0.710,0.34872826280928143,55,Y
150.0,5.0,20.0,138.0,4.2733335,1.0,3.0,0.0,0.012987013,0.038961038,0.12337662,0.0,0.0,0.051948052,0.012987013,0.019480519,0.019480519,0.0,0.58,0.046666667,0.02,0.425,0.3614730753751287,80,Y
123.0,2.0,22.0,115.0,4.1626015,0.0,2.0,0.008064516,0.032258064,0.06451613,0.16935484,0.024193548,0.0,0.09677419,0.024193548,0.016129032,0.0,0.0,0.62601626,0.048780486,0.008130081,0.579,0.3609896898382922,78,Y
116.0,5.0,16.0,111.0,4.0603447,1.0,6.0,0.0,0.032520324,0.024390243,0.12195122,0.0,0.0,0.07317073,0.032520324,0.008130081,0.016260162,0.0,0.54310346,0.077586204,0.060344826,0.573,0.3601526589133431,74,Y
28.0,0.0,6.0,25.0,4.142857,0.0,3.0,0.0,0.0,0.0,0.18518518,0.0,0.0,0.037037037,0.0,0.037037037,0.0,0.0,0.6785714,0.071428575,0.0,0.615,0.3620635277197302,65,Y
182.0,6.0,23.0,160.0,4.142857,1.0,8.0,0.0054054055,0.037837837,0.016216217,0.113513514,0.010810811,0.0,0.075675674,0.0,0.010810811,0.010810811,0.0,0.53846157,0.07692308,0.032967035,0.530,0.34778930292712906,75,Y
55.0,1.0,9.0,49.0,4.490909,0.0,4.0,0.017857144,0.017857144,0.017857144,0.14285715,0.0,0.0,0.05357143,0.0,0.017857144,0.017857144,0.0,0.74545455,0.054545455,0.036363635,0.509,0.3616118299287426,73,Y
98.0,2.0,12.0,86.0,3.7551022,1.0,3.0,0.0,0.067961164,0.019417476,0.106796116,0.009708738,0.0,0.03883495,0.0,0.029126214,0.019417476,0.0,0.5408163,0.040816326,0.010204081,0.510,0.3578364323720365,78,Y
76.0,1.0,10.0,71.0,4.0394735,0.0,4.0,0.0,0.012820513,0.025641026,0.115384616,0.03846154,0.0,0.012820513,0.012820513,0.0,0.0,0.0,0.55263156,0.039473683,0.0,0.382,0.3644706288185344,89,Y
62.0,2.0,15.0,62.0,4.2580647,0.0,1.0,0.0,0.0,0.05970149,0.20895523,0.04477612,0.0,0.17910448,0.014925373,0.0,0.0,0.0,0.66129035,0.016129032,0.016129032,0.328,0.3404407975835632,75,Y
134.0,2.0,15.0,122.0,4.0373135,0.0,5.0,0.0,0.04379562,0.0,0.09489051,0.0,0.0,0.04379562,0.00729927,0.02189781,0.01459854,0.0,0.57462686,0.05970149,0.06716418,0.626,0.3562319073750087,70,Y
54.0,1.0,7.0,49.0,4.0925927,0.0,1.0,0.0,0.018181818,0.018181818,0.10909091,0.0,0.0,0.0,0.0,0.0,0.036363635,0.0,0.6851852,0.074074075,0.0,0.537,0.36356916659759736,73,Y
107.0,3.0,9.0,92.0,4.3271027,0.0,6.0,0.0,0.055045873,0.04587156,0.07339449,0.0,0.0,0.0091743115,0.0,0.0091743115,0.018348623,0.0,0.60747665,0.056074765,0.009345794,0.598,0.362319643818076,77,Y
57.0,0.0,7.0,43.0,4.122807,0.0,3.0,0.0,0.032258064,0.016129032,0.09677419,0.016129032,0.0,0.048387095,0.0,0.016129032,0.016129032,0.0,0.5263158,0.01754386,0.01754386,0.545,0.3640164830536835,83,Y
137.0,3.0,16.0,124.0,3.948905,3.0,8.0,0.0,0.05185185,0.0074074073,0.11111111,0.0,0.0,0.05185185,0.0,0.0,0.0,0.0,0.5985401,0.03649635,0.02189781,0.615,0.35818330640904605,89,Y
177.0,2.0,26.0,165.0,4.0,0.0,16.0,0.0,0.011235955,0.028089888,0.13483146,0.0,0.0,0.056179777,0.011235955,0.0,0.02247191,0.0,0.44067797,0.06779661,0.016949153,0.524,0.359979286509613,80,Y
99.0,3.0,15.0,91.0,3.8181818,0.0,6.0,0.0,0.030612245,0.0,0.14285715,0.0,0.0,0.05102041,0.0,0.010204081,0.010204081,0.0,0.5959596,0.08080808,0.02020202,0.615,0.3703836111856626,65,Y
82.0,1.0,11.0,70.0,3.9634147,0.0,3.0,0.0,0.024390243,0.0,0.1097561,0.0,0.0,0.048780486,0.0,0.0121951215,0.0121951215,0.0,0.5487805,0.048780486,0.0,0.481,0.3653512107209995,77,Y
51.0,2.0,6.0,41.0,4.098039,0.0,1.0,0.0,0.019607844,0.039215688,0.09803922,0.0,0.0,0.0,0.0,0.019607844,0.019607844,0.0,0.60784316,0.039215688,0.019607844,0.415,0.36016172971073035,73,Y
112.0,1.0,13.0,101.0,3.544643,1.0,8.0,0.0,0.044247787,0.03539823,0.10619469,0.0,0.0,0.07964602,0.026548672,0.0088495575,0.0,0.0,0.52678573,0.035714287,0.008928572,0.535,0.3570029598351617,73,Y
45.0,0.0,8.0,45.0,4.0666666,0.0,2.0,0.0,0.046511628,0.046511628,0.1627907,0.0,0.0,0.069767445,0.0,0.0,0.0,0.0,0.84444445,0.08888889,0.0,0.644,0.36594780619527484,71,Y
230.0,3.0,18.0,205.0,4.0086956,4.0,11.0,0.0,0.047826085,0.004347826,0.073913045,0.0,0.0,0.013043478,0.0,0.004347826,0.013043478,0.0,0.49565217,0.05652174,0.008695652,0.606,0.35813211277781054,68,Y
120.0,3.0,17.0,109.0,4.116667,2.0,5.0,0.0,0.041322313,0.016528925,0.1322314,0.0,0.0,0.08264463,0.0,0.016528925,0.03305785,0.0,0.425,0.033333335,0.025,0.504,0.35556363467317265,64,Y
49.0,1.0,4.0,38.0,3.9795918,0.0,2.0,0.0,0.04,0.02,0.06,0.0,0.0,0.02,0.0,0.02,0.02,0.0,0.63265306,0.0,0.040816326,0.431,0.3691484332196526,78,Y
68.0,0.0,7.0,59.0,4.220588,0.0,4.0,0.0,0.029850746,0.0,0.08955224,0.0,0.0,0.04477612,0.014925373,0.029850746,0.0,0.0,0.61764705,0.05882353,0.014705882,0.565,0.36501540681211714,62,Y
78.0,4.0,13.0,75.0,4.230769,0.0,4.0,0.0,0.051948052,0.025974026,0.15584415,0.0,0.0,0.051948052,0.0,0.0,0.012987013,0.0,0.6282051,0.06410257,0.012820513,0.545,0.36299349811727283,81,Y
66.0,0.0,7.0,55.0,4.257576,0.0,5.0,0.0,0.014492754,0.072463766,0.08695652,0.014492754,0.0,0.028985508,0.0,0.014492754,0.014492754,0.0,0.5151515,0.045454547,0.015151516,0.391,0.3630865618873101,71,Y
104.0,0.0,14.0,88.0,4.0865383,0.0,3.0,0.0,0.03883495,0.0,0.1262136,0.0,0.0,0.019417476,0.0,0.0,0.019417476,0.0,0.46153846,0.057692308,0.01923077,0.475,0.3682932446245104,73,Y
41.0,1.0,6.0,37.0,4.292683,0.0,2.0,0.0,0.045454547,0.06818182,0.11363637,0.022727273,0.0,0.045454547,0.0,0.022727273,0.045454547,0.0,0.58536583,0.024390243,0.0,0.512,0.3755519334856119,79,Y
95.0,2.0,15.0,86.0,4.010526,0.0,5.0,0.0,0.030927835,0.020618556,0.14432989,0.0,0.0,0.082474224,0.020618556,0.0,0.020618556,0.0,0.67368424,0.08421053,0.010526316,0.581,0.3513620241541545,78,Y
96.0,1.0,14.0,82.0,4.1145835,0.0,3.0,0.0,0.052083332,0.010416667,0.13541667,0.0,0.0,0.052083332,0.0,0.03125,0.010416667,0.0,0.5729167,0.041666668,0.0,0.522,0.373671203831291,75,Y
64.0,0.0,7.0,59.0,4.484375,1.0,5.0,0.0,0.0,0.045454547,0.09090909,0.015151516,0.0,0.015151516,0.0,0.0,0.015151516,0.0,0.703125,0.046875,0.015625,0.576,0.36112578474798407,69,Y
61.0,3.0,10.0,57.0,3.8852458,0.0,6.0,0.0,0.0,0.050847456,0.15254237,0.0,0.0,0.016949153,0.0,0.0,0.0,0.0,0.6393443,0.016393442,0.016393442,0.468,0.36174139854926113,72,Y
61.0,1.0,7.0,37.0,3.6885245,0.0,2.0,0.0,0.04918033,0.032786883,0.09836066,0.016393442,0.0,0.04918033,0.0,0.04918033,0.016393442,0.0,0.55737704,0.016393442,0.0,0.541,0.35540461006599505,71,Y
120.0,4.0,11.0,107.0,3.9083333,2.0,6.0,0.0,0.008474576,0.016949153,0.084745765,0.0,0.0,0.06779661,0.0,0.0,0.008474576,0.0,0.56666666,0.1,0.025,0.593,0.3624148448554424,78,Y
81.0,2.0,9.0,76.0,4.160494,0.0,4.0,0.0,0.0,0.0,0.09638554,0.012048192,0.0,0.036144577,0.0,0.012048192,0.024096385,0.0,0.6296296,0.024691358,0.037037037,0.500,0.3500423236594007,68,Y
68.0,1.0,13.0,63.0,4.4411764,0.0,1.0,0.0,0.029411765,0.05882353,0.16176471,0.0,0.0,0.0882353,0.0,0.014705882,0.029411765,0.0,0.7058824,0.073529415,0.0,0.507,0.3691024263946764,78,Y
124.0,1.0,20.0,109.0,4.2419353,0.0,5.0,0.0,0.048,0.032,0.152,0.016,0.0,0.064,0.0,0.0,0.016,0.0,0.5403226,0.024193548,0.008064516,0.400,0.36957047129410037,86,Y
110.0,1.0,11.0,100.0,4.2909093,1.0,2.0,0.0,0.051282052,0.051282052,0.07692308,0.017094018,0.0,0.025641026,0.0,0.034188036,0.025641026,0.0,0.47272727,0.054545455,0.009090909,0.581,0.35798332962767065,73,Y
79.0,3.0,13.0,67.0,4.265823,0.0,7.0,0.0,0.060240965,0.072289154,0.14457831,0.0,0.0,0.072289154,0.012048192,0.060240965,0.024096385,0.0,0.39240506,0.025316456,0.012658228,0.542,0.3626915031691661,77,Y
88.0,4.0,13.0,84.0,4.2045455,0.0,3.0,0.0,0.033707865,0.033707865,0.123595506,0.02247191,0.0,0.04494382,0.0,0.04494382,0.02247191,0.0,0.5681818,0.045454547,0.011363637,0.570,0.36656927261786093,83,Y
110.0,1.0,13.0,89.0,3.9545455,2.0,5.0,0.0,0.06363636,0.009090909,0.10909091,0.0,0.0,0.036363635,0.0,0.027272727,0.009090909,0.0,0.4909091,0.027272727,0.018181818,0.569,0.36026425905427584,83,Y
111.0,2.0,14.0,89.0,3.837838,0.0,5.0,0.0,0.054054055,0.009009009,0.10810811,0.0,0.0,0.054054055,0.0,0.009009009,0.018018018,0.0,0.5405405,0.036036037,0.018018018,0.573,0.3483109293362473,52,Y
101.0,2.0,14.0,91.0,4.5148516,0.0,3.0,0.0,0.05,0.02,0.13,0.02,0.0,0.04,0.0,0.02,0.01,0.0,0.62376237,0.03960396,0.03960396,0.515,0.3399301910319844,60,Y
80.0,2.0,10.0,75.0,4.25,0.0,4.0,0.0,0.036144577,0.036144577,0.09638554,0.0,0.0,0.036144577,0.0,0.0,0.036144577,0.0,0.55,0.05,0.0375,0.563,0.36742780056020646,71,Y
157.0,1.0,18.0,137.0,4.140127,2.0,9.0,0.0,0.052941177,0.0,0.08235294,0.0,0.0,0.04117647,0.0,0.01764706,0.029411765,0.0,0.51592356,0.03821656,0.025477707,0.639,0.3623835867192637,76,Y
66.0,2.0,8.0,63.0,4.0151515,0.0,2.0,0.0,0.015384615,0.046153847,0.10769231,0.015384615,0.0,0.03076923,0.015384615,0.015384615,0.0,0.0,0.6363636,0.121212125,0.015151516,0.478,0.36167049992270595,64,Y
120.0,6.0,12.0,104.0,3.9583333,0.0,7.0,0.0,0.047244094,0.031496063,0.08661418,0.007874016,0.0,0.031496063,0.0,0.031496063,0.023622047,0.0,0.4,0.058333334,0.025,0.545,0.36046331051971997,71,Y
51.0,0.0,6.0,45.0,4.117647,1.0,3.0,0.0,0.0,0.03773585,0.094339624,0.018867925,0.0,0.03773585,0.0,0.0,0.018867925,0.0,0.64705884,0.039215688,0.019607844,0.434,0.36146051709515015,71,Y
138.0,5.0,18.0,131.0,4.137681,0.0,9.0,0.013605442,0.006802721,0.04761905,0.11564626,0.027210884,0.0,0.07482993,0.020408163,0.020408163,0.013605442,0.0,0.49275362,0.10144927,0.014492754,0.483,0.3631479870044307,71,Y
49.0,1.0,6.0,37.0,3.9591837,0.0,2.0,0.0,0.0,0.0,0.104166664,0.0,0.0,0.0625,0.0,0.0,0.0,0.0,0.7755102,0.06122449,0.0,0.542,0.36852215155791324,72,Y
208.0,4.0,18.0,180.0,3.9807692,5.0,10.0,0.0,0.019417476,0.014563107,0.0776699,0.0,0.0,0.009708738,0.0,0.0,0.004854369,0.0,0.50961536,0.052884616,0.009615385,0.571,0.35048707436291954,64,Y
196.0,8.0,18.0,182.0,4.2602043,2.0,8.0,0.0,0.035532996,0.010152284,0.08629441,0.0,0.0,0.04568528,0.0,0.005076142,0.005076142,0.0,0.56122446,0.05102041,0.035714287,0.602,0.3643124782293739,72,Y
96.0,2.0,9.0,85.0,3.8645833,0.0,4.0,0.0,0.05263158,0.0,0.07368421,0.0,0.0,0.010526316,0.0,0.0,0.0,0.0,0.5729167,0.072916664,0.03125,0.559,0.35267256547807774,51,Y
73.0,5.0,13.0,71.0,4.1643834,0.0,2.0,0.0,0.04225352,0.014084507,0.16901408,0.0,0.0,0.07042254,0.0,0.014084507,0.0,0.0,0.5753425,0.04109589,0.05479452,0.549,0.35961624579837037,59,Y
98.0,2.0,6.0,78.0,3.9285715,1.0,4.0,0.0,0.030612245,0.020408163,0.05102041,0.0,0.0,0.010204081,0.0,0.0,0.010204081,0.0,0.6122449,0.071428575,0.020408163,0.549,0.35730403988571785,71,Y
135.0,0.0,8.0,73.0,3.9185185,1.0,6.0,0.0,0.015037594,0.007518797,0.05263158,0.0,0.0,0.015037594,0.0,0.007518797,0.0,0.0,0.56296295,0.044444446,0.0074074073,0.560,0.3544808771703711,63,Y
77.0,0.0,13.0,71.0,3.7532468,1.0,5.0,0.0,0.039473683,0.039473683,0.15789473,0.0,0.0,0.078947365,0.013157895,0.013157895,0.013157895,0.0,0.6233766,0.012987013,0.012987013,0.442,0.3644692433897305,85,Y
112.0,6.0,14.0,93.0,3.8125,0.0,11.0,0.009009009,0.027027028,0.0,0.117117114,0.0,0.0,0.036036037,0.009009009,0.009009009,0.009009009,0.0,0.49107143,0.071428575,0.0,0.519,0.36266794109118505,73,Y
60.0,3.0,11.0,57.0,3.9166667,2.0,1.0,0.015873017,0.06349207,0.015873017,0.14285715,0.0,0.0,0.031746034,0.015873017,0.0,0.0,0.0,0.71666664,0.05,0.05,0.552,0.34590062824297874,71,Y
27.0,0.0,6.0,27.0,4.296296,0.0,2.0,0.0,0.0,0.06666667,0.16666667,0.0,0.0,0.06666667,0.0,0.0,0.0,0.0,0.8518519,0.037037037,0.0,0.593,0.37412353535468806,73,Y
106.0,7.0,14.0,103.0,4.0094337,0.0,3.0,0.0,0.047169812,0.0,0.12264151,0.018867925,0.0,0.03773585,0.0,0.009433962,0.0,0.0,0.5943396,0.018867925,0.028301887,0.500,0.36227183847327354,65,Y
112.0,0.0,10.0,89.0,3.8125,0.0,6.0,0.0,0.008928572,0.008928572,0.08035714,0.0,0.0,0.035714287,0.0,0.0,0.0,0.0,0.59821427,0.05357143,0.026785715,0.522,0.36118569698688147,72,Y
51.0,0.0,24.0,50.0,4.0392156,0.0,1.0,0.11111111,0.055555556,0.018518519,0.4074074,0.018518519,0.0,0.3888889,0.018518519,0.018518519,0.0,0.0,0.4117647,0.0,0.0,0.341,0.34957012091134043,77,Y
82.0,4.0,13.0,78.0,4.0487804,2.0,2.0,0.0,0.045454547,0.0,0.125,0.011363637,0.0,0.07954545,0.0,0.011363637,0.022727273,0.0,0.5731707,0.07317073,0.036585364,0.595,0.3584549176896847,74,Y
56.0,0.0,10.0,56.0,4.357143,0.0,0.0,0.018181818,0.036363635,0.07272727,0.16363636,0.0,0.0,0.054545455,0.0,0.018181818,0.0,0.0,0.6785714,0.08928572,0.0,0.466,0.36710940977311163,78,Y
214.0,10.0,26.0,188.0,3.7429907,4.0,16.0,0.0,0.03181818,0.0,0.10454545,0.0,0.0,0.027272727,0.0045454544,0.022727273,0.018181818,0.0,0.46261683,0.060747664,0.009345794,0.541,0.34262196930640254,56,Y
46.0,1.0,7.0,41.0,4.021739,0.0,3.0,0.0,0.02173913,0.06521739,0.13043478,0.0,0.0,0.0,0.0,0.06521739,0.02173913,0.0,0.65217394,0.08695652,0.0,0.553,0.368520335476096,78,Y
68.0,1.0,11.0,66.0,4.2647057,0.0,3.0,0.0,0.04411765,0.014705882,0.14705883,0.0,0.0,0.029411765,0.0,0.014705882,0.014705882,0.0,0.6911765,0.014705882,0.0,0.515,0.34099058511348124,70,Y
80.0,1.0,11.0,75.0,4.325,0.0,4.0,0.0,0.05882353,0.047058824,0.11764706,0.011764706,0.0,0.09411765,0.0,0.023529412,0.03529412,0.0,0.5125,0.0125,0.0,0.549,0.3570198001702013,72,Y
60.0,1.0,8.0,52.0,4.133333,0.0,4.0,0.0,0.0,0.016666668,0.11666667,0.0,0.0,0.05,0.0,0.0,0.0,0.0,0.81666666,0.083333336,0.0,0.400,0.35620371075296725,70,Y
58.0,1.0,10.0,53.0,4.362069,0.0,4.0,0.0,0.016393442,0.032786883,0.14754099,0.0,0.0,0.06557377,0.0,0.016393442,0.04918033,0.0,0.51724136,0.0,0.0,0.382,0.3649074539971428,71,Y
117.0,3.0,16.0,109.0,3.957265,2.0,5.0,0.008333334,0.041666668,0.008333334,0.125,0.016666668,0.0,0.041666668,0.0,0.016666668,0.008333334,0.0,0.5811966,0.034188036,0.042735044,0.470,0.3646299353795446,79,Y
95.0,1.0,13.0,85.0,4.231579,1.0,8.0,0.0,0.02173913,0.032608695,0.13043478,0.0,0.0,0.032608695,0.0,0.010869565,0.0,0.0,0.57894737,0.07368421,0.0,0.521,0.36336920431856157,85,Y
95.0,2.0,11.0,88.0,3.9578948,0.0,7.0,0.0,0.010526316,0.021052632,0.10526316,0.0,0.0,0.05263158,0.0,0.0,0.021052632,0.0,0.6631579,0.05263158,0.042105265,0.432,0.359256101099767,74,Y
400.0,7.0,32.0,343.0,3.89,1.0,20.0,0.0,0.029776676,0.012406948,0.07692308,0.0,0.0,0.017369727,0.0024813896,0.009925558,0.014888338,0.0,0.35,0.0525,0.0475,0.575,0.37295501550550175,84,Y
63.0,2.0,10.0,57.0,5.015873,0.0,2.0,0.0,0.031746034,0.07936508,0.14285715,0.0,0.0,0.031746034,0.0,0.015873017,0.015873017,0.0,0.6666667,0.06349207,0.015873017,0.425,0.38063022293955895,71,Y
58.0,1.0,11.0,57.0,4.0,0.0,4.0,0.016949153,0.050847456,0.016949153,0.16949153,0.0,0.0,0.050847456,0.0,0.0,0.0,0.0,0.5689655,0.03448276,0.01724138,0.483,0.3533873337163965,69,Y
55.0,0.0,8.0,52.0,4.181818,0.0,1.0,0.0,0.05263158,0.05263158,0.12280702,0.01754386,0.0,0.07017544,0.0,0.0,0.0,0.0,0.72727275,0.054545455,0.0,0.390,0.3743920706747974,58,Y
36.0,1.0,6.0,34.0,4.0833335,0.0,2.0,0.0,0.0,0.10526316,0.13157895,0.05263158,0.0,0.05263158,0.02631579,0.0,0.0,0.0,0.6944444,0.027777778,0.027777778,0.410,0.36370553003042866,77,Y
97.0,4.0,16.0,93.0,4.340206,1.0,2.0,0.0,0.020618556,0.082474224,0.15463917,0.0,0.0,0.05154639,0.010309278,0.010309278,0.010309278,0.0,0.58762884,0.05154639,0.020618556,0.456,0.3722415172881266,65,Y
62.0,4.0,16.0,55.0,4.483871,0.0,0.0,0.015384615,0.07692308,0.03076923,0.2,0.015384615,0.0,0.06153846,0.0,0.015384615,0.03076923,0.0,0.41935483,0.016129032,0.032258064,0.610,0.35798210260030383,71,Y
39.0,1.0,9.0,35.0,3.7179487,0.0,1.0,0.0,0.07317073,0.0,0.17073171,0.0,0.0,0.12195122,0.0,0.0,0.0,0.0,0.6666667,0.07692308,0.051282052,0.486,0.3658048373142418,72,Y
314.0,3.0,25.0,242.0,4.031847,3.0,15.0,0.0,0.036923077,0.003076923,0.073846154,0.009230769,0.0,0.024615385,0.0,0.024615385,0.024615385,0.0,0.3821656,0.050955415,0.01910828,0.544,0.35837103956951083,68,Y
45.0,4.0,8.0,43.0,4.0666666,0.0,3.0,0.0,0.0,0.0,0.1590909,0.0,0.0,0.022727273,0.0,0.0,0.0,0.0,0.73333335,0.11111111,0.08888889,0.614,0.36554159278570264,59,Y
185.0,5.0,19.0,164.0,4.0540543,3.0,5.0,0.0,0.010869565,0.010869565,0.097826086,0.0,0.0,0.02173913,0.0,0.0,0.016304348,0.0,0.55675673,0.054054055,0.021621622,0.505,0.369164297006134,71,Y
201.0,5.0,13.0,166.0,3.676617,2.0,10.0,0.0,0.025252525,0.0,0.060606062,0.0,0.0,0.01010101,0.0,0.015151516,0.0,0.0,0.5124378,0.049751244,0.014925373,0.535,0.3671612840829036,64,Y
135.0,8.0,22.0,129.0,4.133333,2.0,2.0,0.0,0.04511278,0.030075189,0.15037593,0.0,0.0,0.060150377,0.0,0.015037594,0.007518797,0.0,0.63703704,0.05925926,0.02962963,0.585,0.3665124802794811,64,Y
83.0,1.0,8.0,57.0,3.8313253,1.0,4.0,0.0,0.034883723,0.0,0.08139535,0.011627907,0.0,0.023255814,0.0,0.011627907,0.011627907,0.0,0.39759037,0.012048192,0.0,0.494,0.36306314765555076,90,Y
59.0,0.0,7.0,55.0,3.779661,1.0,3.0,0.0,0.015873017,0.0,0.0952381,0.015873017,0.0,0.0,0.0,0.0,0.031746034,0.0,0.5762712,0.050847456,0.016949153,0.483,0.37024736460550006,76,Y
59.0,2.0,9.0,54.0,4.2033896,0.0,4.0,0.0,0.033898305,0.016949153,0.13559322,0.0,0.0,0.06779661,0.016949153,0.0,0.016949153,0.0,0.7627119,0.06779661,0.016949153,0.603,0.3610856681055314,67,Y
77.0,0.0,14.0,69.0,4.2597404,0.0,8.0,0.0,0.11904762,0.05952381,0.14285715,0.023809524,0.0,0.11904762,0.0,0.0,0.023809524,0.0,0.36363637,0.025974026,0.0,0.608,0.36675896076988934,56,Y
125.0,2.0,18.0,119.0,4.384,0.0,5.0,0.007751938,0.031007752,0.07751938,0.13178295,0.015503876,0.0,0.054263566,0.0,0.015503876,0.023255814,0.0,0.456,0.096,0.008,0.467,0.3637949095330557,68,Y
143.0,4.0,14.0,115.0,4.076923,0.0,5.0,0.0,0.040268455,0.0067114094,0.087248325,0.0,0.0,0.06711409,0.0067114094,0.020134227,0.020134227,0.0,0.54545456,0.055944055,0.013986014,0.641,0.3513191891613895,73,Y
85.0,2.0,15.0,82.0,4.247059,2.0,2.0,0.0,0.04819277,0.012048192,0.16867469,0.0,0.0,0.09638554,0.012048192,0.0,0.0,0.0,0.69411767,0.05882353,0.0,0.469,0.35632891087758606,65,Y
217.0,6.0,29.0,205.0,4.152074,1.0,4.0,0.0045045046,0.036036037,0.022522522,0.12162162,0.009009009,0.0,0.08108108,0.013513514,0.0,0.0045045046,0.0,0.5714286,0.06912442,0.03686636,0.559,0.3511012020095922,76,Y
194.0,5.0,18.0,156.0,3.8865979,1.0,7.0,0.0,0.031578947,0.005263158,0.08947369,0.0,0.0,0.010526316,0.0,0.0,0.0,0.0,0.49484536,0.0154639175,0.010309278,0.461,0.36191720586987625,57,Y
233.0,8.0,21.0,197.0,4.154506,0.0,18.0,0.0,0.033898305,0.008474576,0.084745765,0.004237288,0.0,0.012711864,0.0,0.004237288,0.016949153,0.0,0.51502144,0.042918455,0.030042918,0.537,0.3590674181525991,71,Y
115.0,1.0,14.0,95.0,4.347826,0.0,6.0,0.0,0.034782607,0.07826087,0.11304348,0.008695652,0.0,0.017391304,0.0,0.026086956,0.008695652,0.0,0.49565217,0.17391305,0.008695652,0.618,0.37359980120305075,73,Y
80.0,2.0,13.0,78.0,3.95,0.0,1.0,0.012048192,0.024096385,0.024096385,0.14457831,0.0,0.0,0.12048193,0.0,0.012048192,0.024096385,0.0,0.7125,0.1,0.0,0.637,0.3674828676979315,77,Y
93.0,2.0,30.0,83.0,4.376344,0.0,2.0,0.028846154,0.03846154,0.009615385,0.23076923,0.0,0.0,0.20192307,0.057692308,0.009615385,0.028846154,0.0,0.4516129,0.043010753,0.05376344,0.489,0.32663915616183264,66,Y
88.0,8.0,15.0,82.0,4.159091,0.0,4.0,0.011363637,0.022727273,0.03409091,0.14772727,0.0,0.0,0.045454547,0.011363637,0.011363637,0.011363637,0.0,0.6136364,0.09090909,0.022727273,0.455,0.35620357740150244,57,Y
108.0,1.0,11.0,100.0,4.3055553,1.0,4.0,0.0,0.03539823,0.044247787,0.088495575,0.0088495575,0.0,0.03539823,0.017699115,0.0088495575,0.03539823,0.0,0.41666666,0.19444445,0.009259259,0.619,0.37078480705417494,61,Y
44.0,3.0,9.0,43.0,4.2727275,0.0,3.0,0.0,0.0,0.0,0.18181819,0.0,0.0,0.13636364,0.022727273,0.0,0.0,0.0,0.79545456,0.045454547,0.06818182,0.600,0.34912340356511296,71,Y
280.0,5.0,23.0,235.0,3.6642857,2.0,18.0,0.0,0.04452055,0.0034246575,0.07534247,0.006849315,0.0,0.020547945,0.0,0.034246575,0.030821918,0.0,0.31428573,0.05357143,0.017857144,0.588,0.3650234220558562,71,Y
68.0,1.0,5.0,44.0,4.529412,0.0,2.0,0.0,0.027777778,0.055555556,0.055555556,0.013888889,0.0,0.0,0.0,0.0,0.027777778,0.0,0.38235295,0.073529415,0.0,0.400,0.36138292528069893,75,Y
158.0,9.0,19.0,151.0,4.063291,1.0,3.0,0.0,0.055900622,0.0,0.111801244,0.0,0.0,0.049689442,0.0062111802,0.0,0.0062111802,0.0,0.56962025,0.044303797,0.056962024,0.558,0.3531099600821357,63,Y
112.0,1.0,12.0,104.0,3.875,2.0,9.0,0.0,0.027027028,0.054054055,0.0990991,0.018018018,0.0,0.018018018,0.0,0.009009009,0.018018018,0.0,0.52678573,0.05357143,0.0,0.522,0.37020117677430253,78,Y
42.0,0.0,7.0,39.0,4.1904764,0.0,2.0,0.0,0.069767445,0.0,0.13953489,0.0,0.0,0.046511628,0.0,0.0,0.0,0.0,0.7380952,0.04761905,0.023809524,0.675,0.3710710624786648,79,Y
160.0,5.0,19.0,149.0,4.01875,0.0,11.0,0.0,0.0,0.012345679,0.11111111,0.0061728396,0.0,0.049382716,0.0,0.0061728396,0.012345679,0.0,0.4625,0.0625,0.04375,0.487,0.3657454018849755,87,Y
85.0,3.0,16.0,83.0,4.211765,0.0,2.0,0.0,0.057471264,0.011494253,0.1724138,0.022988506,0.0,0.13793103,0.0,0.011494253,0.022988506,0.0,0.63529414,0.05882353,0.03529412,0.654,0.37134101875786013,66,Y
69.0,6.0,13.0,69.0,4.1594205,0.0,1.0,0.0,0.013513514,0.04054054,0.16216215,0.013513514,0.0,0.12162162,0.013513514,0.0,0.0,0.0,0.73913044,0.04347826,0.028985508,0.451,0.34628546310393915,71,Y
22.0,0.0,3.0,18.0,3.2272727,0.0,0.0,0.0,0.0952381,0.0,0.0952381,0.0,0.0,0.0,0.0,0.04761905,0.0,0.0,0.54545456,0.045454547,0.0,0.524,0.38316375195519803,67,Y
212.0,8.0,33.0,201.0,4.3915095,1.0,4.0,0.0,0.023584906,0.0,0.14622642,0.0,0.0,0.051886793,0.0,0.004716981,0.014150944,0.0,0.4811321,0.023584906,0.023584906,0.561,0.36085221216413077,83,Y
77.0,0.0,10.0,68.0,3.974026,1.0,4.0,0.012345679,0.037037037,0.024691358,0.086419754,0.0,0.0,0.012345679,0.0,0.0,0.024691358,0.0,0.5064935,0.051948052,0.025974026,0.526,0.360011066932884,79,Y
254.0,2.0,27.0,226.0,3.944882,1.0,7.0,0.0,0.02930403,0.01831502,0.09157509,0.0036630037,0.0,0.043956045,0.0036630037,0.021978023,0.025641026,0.0,0.4566929,0.03937008,0.01968504,0.514,0.3625546714221757,64,Y
43.0,0.0,7.0,42.0,4.2325583,0.0,0.0,0.0,0.0,0.11627907,0.13953489,0.023255814,0.0,0.11627907,0.0,0.0,0.023255814,0.0,0.6976744,0.069767445,0.0,0.326,0.3602183070009816,85,Y
130.0,3.0,19.0,126.0,4.1384616,0.0,7.0,0.034965035,0.0,0.04195804,0.12587413,0.0,0.0,0.11188811,0.0,0.0,0.02097902,0.0,0.47692308,0.06923077,0.053846154,0.534,0.35396413989317155,73,Y
151.0,1.0,11.0,106.0,3.9801323,1.0,7.0,0.0,0.02631579,0.0,0.065789476,0.013157895,0.0,0.0065789474,0.0,0.0,0.013157895,0.0,0.589404,0.0794702,0.013245033,0.524,0.35133304788391667,71,Y
206.0,1.0,16.0,180.0,4.1553397,3.0,8.0,0.0045871558,0.02293578,0.04587156,0.06880734,0.0091743115,0.0,0.04587156,0.0045871558,0.02293578,0.027522936,0.0,0.3592233,0.053398058,0.029126214,0.518,0.36826828014052254,58,Y
62.0,1.0,15.0,59.0,4.064516,0.0,2.0,0.05172414,0.06896552,0.0,0.20689656,0.0,0.0,0.06896552,0.0,0.0,0.0,0.0,0.5322581,0.032258064,0.0,0.527,0.3527946919255796,64,Y
130.0,3.0,17.0,115.0,4.084615,2.0,8.0,0.0,0.037037037,0.037037037,0.11111111,0.0,0.0,0.06666667,0.0074074073,0.022222223,0.022222223,0.0,0.43846154,0.14615385,0.015384615,0.582,0.3627452940352865,62,Y
50.0,0.0,7.0,48.0,3.92,0.0,5.0,0.0,0.094339624,0.056603774,0.11320755,0.018867925,0.0,0.018867925,0.0,0.018867925,0.03773585,0.0,0.48,0.04,0.0,0.519,0.3775921397448123,55,Y
97.0,2.0,15.0,96.0,3.958763,2.0,5.0,0.020408163,0.010204081,0.020408163,0.14285715,0.0,0.0,0.071428575,0.0,0.020408163,0.010204081,0.0,0.6494845,0.082474224,0.030927835,0.526,0.3494949999923411,80,Y
103.0,1.0,13.0,92.0,4.0,0.0,2.0,0.0,0.028571429,0.00952381,0.114285715,0.0,0.0,0.04761905,0.0,0.0,0.028571429,0.0,0.61165047,0.048543688,0.019417476,0.563,0.35266768472775245,82,Y
160.0,0.0,26.0,151.0,4.4125,2.0,7.0,0.0,0.03125,0.075,0.15625,0.0,0.0,0.1,0.0125,0.00625,0.00625,0.0,0.55625,0.09375,0.025,0.479,0.3594278329460574,72,Y
82.0,1.0,14.0,78.0,4.292683,0.0,4.0,0.0,0.048780486,0.085365854,0.15853658,0.0121951215,0.0,0.07317073,0.0121951215,0.0,0.0121951215,0.0,0.63414633,0.048780486,0.0121951215,0.518,0.3590761294806594,57,Y
98.0,2.0,17.0,96.0,4.102041,0.0,7.0,0.010204081,0.030612245,0.08163265,0.1632653,0.0,0.0,0.05102041,0.010204081,0.010204081,0.0,0.0,0.68367344,0.040816326,0.030612245,0.515,0.3600713768775229,74,Y
79.0,2.0,7.0,75.0,4.670886,3.0,4.0,0.0,0.05,0.0375,0.075,0.0125,0.0,0.0125,0.0,0.0,0.025,0.0,0.6835443,0.06329114,0.025316456,0.590,0.36318637596460074,71,Y
77.0,1.0,11.0,71.0,4.103896,0.0,5.0,0.0,0.0,0.02631579,0.13157895,0.0,0.0,0.039473683,0.0,0.0,0.013157895,0.0,0.5584416,0.064935066,0.0,0.507,0.36554611816935173,81,Y
79.0,2.0,9.0,70.0,3.9746835,2.0,4.0,0.0,0.036585364,0.0,0.09756097,0.0,0.0,0.06097561,0.0,0.024390243,0.024390243,0.0,0.5949367,0.025316456,0.03797468,0.577,0.3538277478755912,75,Y
257.0,7.0,34.0,239.0,4.264591,2.0,9.0,0.003921569,0.02745098,0.039215688,0.1254902,0.0,0.0,0.043137256,0.0,0.015686275,0.011764706,0.0,0.5097276,0.050583657,0.019455252,0.509,0.3603799145433817,68,Y
145.0,5.0,16.0,128.0,4.234483,0.0,13.0,0.0,0.040816326,0.006802721,0.10204082,0.006802721,0.0,0.027210884,0.0,0.006802721,0.013605442,0.0,0.5448276,0.062068965,0.013793103,0.531,0.3594451476905394,77,Y
75.0,0.0,8.0,68.0,4.4533334,0.0,6.0,0.0,0.067567565,0.08108108,0.0945946,0.0,0.0,0.027027028,0.0,0.0,0.0,0.0,0.61333334,0.053333335,0.026666667,0.595,0.37054514523117327,75,Y
131.0,8.0,19.0,127.0,3.832061,1.0,10.0,0.0,0.022900764,0.015267176,0.13740458,0.0,0.0,0.061068702,0.0,0.0,0.015267176,0.0,0.54198474,0.08396947,0.022900764,0.600,0.35125463975666166,76,Y
201.0,8.0,28.0,187.0,3.995025,3.0,6.0,0.009259259,0.023148147,0.0,0.11574074,0.0046296297,0.0,0.097222224,0.009259259,0.009259259,0.027777778,0.0,0.5124378,0.06965174,0.019900497,0.571,0.3498286358539564,59,Y
178.0,1.0,15.0,160.0,3.8370786,0.0,13.0,0.0,0.044444446,0.0055555557,0.07777778,0.0055555557,0.0,0.022222223,0.0,0.0055555557,0.011111111,0.0,0.5,0.033707865,0.011235955,0.554,0.36055396473951357,84,Y
115.0,4.0,17.0,111.0,3.8782609,0.0,7.0,0.0,0.04310345,0.00862069,0.13793103,0.0,0.0,0.060344826,0.00862069,0.01724138,0.01724138,0.0,0.5652174,0.08695652,0.04347826,0.574,0.3448112735909299,88,Y
147.0,5.0,11.0,118.0,4.1836734,1.0,6.0,0.0,0.05479452,0.020547945,0.06849315,0.0,0.0,0.01369863,0.0,0.0,0.006849315,0.0,0.5714286,0.06802721,0.040816326,0.520,0.35925944946462013,71,Y
102.0,4.0,11.0,86.0,3.7843137,1.0,9.0,0.0,0.02,0.01,0.1,0.0,0.0,0.02,0.0,0.0,0.0,0.0,0.5686275,0.029411765,0.029411765,0.515,0.366813649165903,71,Y
148.0,2.0,9.0,99.0,3.7567568,1.0,5.0,0.0,0.038961038,0.019480519,0.051948052,0.012987013,0.0,0.038961038,0.0,0.019480519,0.025974026,0.0,0.43243244,0.074324325,0.006756757,0.593,0.365973715875057,75,Y
52.0,1.0,10.0,49.0,3.9807692,0.0,0.0,0.0,0.06,0.1,0.18,0.0,0.0,0.06,0.0,0.02,0.0,0.0,0.75,0.07692308,0.0,0.545,0.37015620402201793,64,Y
151.0,3.0,14.0,143.0,3.986755,1.0,6.0,0.0,0.013071896,0.006535948,0.078431375,0.013071896,0.0,0.026143791,0.0,0.006535948,0.013071896,0.0,0.615894,0.06622516,0.03311258,0.617,0.35630218883079073,68,Y
116.0,0.0,13.0,99.0,4.3103447,1.0,7.0,0.0,0.017391304,0.008695652,0.104347825,0.0,0.0,0.034782607,0.0,0.0,0.008695652,0.0,0.67241377,0.05172414,0.02586207,0.609,0.35007991811529426,80,Y
92.0,3.0,11.0,87.0,4.4673915,2.0,3.0,0.0,0.010869565,0.02173913,0.10869565,0.0,0.0,0.02173913,0.0,0.010869565,0.010869565,0.0,0.6630435,0.04347826,0.04347826,0.543,0.3503610325158232,63,Y
54.0,1.0,15.0,54.0,4.240741,0.0,4.0,0.0,0.017857144,0.05357143,0.25,0.0,0.0,0.125,0.0,0.017857144,0.017857144,0.0,0.6296296,0.055555556,0.0,0.444,0.3664278930120237,70,Y
105.0,2.0,13.0,87.0,3.9619048,0.0,5.0,0.0,0.056074765,0.009345794,0.10280374,0.009345794,0.0,0.028037382,0.0,0.018691588,0.037383176,0.0,0.46666667,0.01904762,0.01904762,0.574,0.352771948032191,68,Y
69.0,4.0,9.0,61.0,4.1449275,1.0,3.0,0.0,0.014705882,0.014705882,0.11764706,0.0,0.0,0.05882353,0.0,0.0,0.0,0.0,0.73913044,0.04347826,0.014492754,0.567,0.3493488936167381,71,Y
46.0,4.0,9.0,45.0,4.0,0.0,0.0,0.0,0.0,0.0,0.17391305,0.0,0.0,0.04347826,0.0,0.0,0.0,0.0,0.84782606,0.04347826,0.0,0.422,0.3539993292777925,70,Y
86.0,5.0,18.0,83.0,4.639535,0.0,5.0,0.0,0.035714287,0.10714286,0.20238096,0.0,0.0,0.05952381,0.0,0.011904762,0.011904762,0.0,0.5697674,0.046511628,0.011627907,0.505,0.36457815376941016,84,Y
175.0,5.0,18.0,148.0,4.32,1.0,9.0,0.0,0.016853932,0.033707865,0.09550562,0.0056179776,0.0,0.011235955,0.0,0.011235955,0.02247191,0.0,0.41142857,0.011428571,0.022857143,0.506,0.35038649537306915,69,Y
77.0,1.0,13.0,74.0,4.103896,1.0,4.0,0.0,0.03797468,0.03797468,0.15189873,0.0,0.0,0.12658228,0.0,0.0,0.03797468,0.0,0.6103896,0.064935066,0.012987013,0.590,0.3599249209146901,58,Y
45.0,0.0,6.0,43.0,4.022222,0.0,3.0,0.0,0.02173913,0.02173913,0.10869565,0.02173913,0.0,0.02173913,0.0,0.0,0.0,0.0,0.8,0.08888889,0.0,0.533,0.3654123231830936,71,Y
46.0,0.0,9.0,43.0,4.7608695,0.0,0.0,0.0,0.10869565,0.0,0.17391305,0.0,0.0,0.1521739,0.0,0.02173913,0.02173913,0.0,0.6956522,0.08695652,0.0,0.578,0.3598685533595466,71,Y
58.0,4.0,12.0,58.0,3.7413793,0.0,4.0,0.0,0.032786883,0.032786883,0.18032786,0.0,0.0,0.08196721,0.032786883,0.0,0.0,0.0,0.67241377,0.03448276,0.01724138,0.611,0.34226880636619955,75,Y
154.0,5.0,14.0,120.0,3.551948,1.0,8.0,0.0,0.0754717,0.012578616,0.08176101,0.0,0.0,0.025157232,0.0,0.044025157,0.031446543,0.0,0.42857143,0.051948052,0.019480519,0.588,0.3481609952306386,59,Y
121.0,4.0,20.0,117.0,3.9504132,0.0,7.0,0.0,0.016260162,0.032520324,0.15447155,0.0,0.0,0.08130081,0.008130081,0.016260162,0.016260162,0.0,0.54545456,0.09917355,0.0,0.629,0.35913774733607834,71,Y
134.0,3.0,12.0,118.0,4.141791,1.0,10.0,0.0,0.037037037,0.022222223,0.08148148,0.0074074073,0.0,0.0074074073,0.0,0.0,0.014814815,0.0,0.49253732,0.08955224,0.02238806,0.607,0.36531233371378063,70,Y
29.0,1.0,9.0,28.0,3.8965516,0.0,0.0,0.0,0.03448276,0.03448276,0.2413793,0.03448276,0.0,0.1724138,0.03448276,0.03448276,0.0,0.0,0.6896552,0.03448276,0.0,0.571,0.3738719035959425,55,Y
88.0,2.0,9.0,84.0,4.5113635,2.0,4.0,0.0,0.032258064,0.010752688,0.086021505,0.0,0.0,0.032258064,0.0,0.021505376,0.032258064,0.0,0.59090906,0.022727273,0.011363637,0.609,0.3463636099360949,70,Y
88.0,1.0,10.0,78.0,3.7272727,2.0,3.0,0.0,0.022727273,0.0,0.10227273,0.0,0.0,0.011363637,0.0,0.0,0.011363637,0.0,0.57954544,0.022727273,0.022727273,0.500,0.3665782665371602,73,Y
152.0,6.0,14.0,141.0,3.993421,1.0,6.0,0.0,0.019354839,0.0,0.08387097,0.012903226,0.0,0.051612902,0.006451613,0.006451613,0.019354839,0.0,0.65789473,0.09210526,0.04605263,0.660,0.35350624150368154,67,Y
45.0,2.0,7.0,43.0,4.422222,0.0,4.0,0.0,0.02173913,0.08695652,0.13043478,0.04347826,0.0,0.04347826,0.0,0.0,0.0,0.0,0.5555556,0.044444446,0.0,0.480,0.37438806000004937,78,Y
179.0,5.0,18.0,164.0,4.0726256,2.0,10.0,0.0054945056,0.010989011,0.0054945056,0.093406595,0.0054945056,0.0,0.054945055,0.010989011,0.010989011,0.010989011,0.0,0.6312849,0.02793296,0.02793296,0.517,0.34749282020027833,74,Y
155.0,4.0,22.0,150.0,4.0451612,1.0,8.0,0.0,0.019480519,0.012987013,0.12987013,0.0,0.0,0.064935066,0.0064935065,0.0064935065,0.0064935065,0.0,0.57419354,0.077419356,0.012903226,0.542,0.3559075895471539,76,Y
129.0,5.0,18.0,119.0,4.0697675,0.0,7.0,0.0,0.046511628,0.0,0.12403101,0.0,0.0,0.054263566,0.015503876,0.0,0.007751938,0.0,0.627907,0.03875969,0.031007752,0.563,0.3544831798386735,67,Y
118.0,3.0,14.0,114.0,3.9152544,2.0,9.0,0.0,0.025423728,0.0,0.11016949,0.008474576,0.0,0.008474576,0.0,0.008474576,0.008474576,0.0,0.5254237,0.084745765,0.050847456,0.586,0.3621403069280692,62,Y
148.0,5.0,19.0,132.0,4.060811,2.0,9.0,0.0,0.046666667,0.053333335,0.11333334,0.006666667,0.0,0.04,0.0,0.006666667,0.033333335,0.0,0.4391892,0.033783782,0.033783782,0.490,0.36141166499539,65,Y
113.0,2.0,14.0,100.0,4.0884957,1.0,4.0,0.01724138,0.05172414,0.0,0.112068966,0.00862069,0.0,0.04310345,0.0,0.01724138,0.01724138,0.0,0.61946905,0.03539823,0.044247787,0.583,0.35073702252876665,63,Y
107.0,1.0,19.0,99.0,4.1214952,0.0,3.0,0.018691588,0.056074765,0.0,0.1588785,0.0,0.0,0.06542056,0.0,0.0,0.018691588,0.0,0.6542056,0.07476635,0.0,0.520,0.35138898762250625,56,Y
52.0,2.0,8.0,47.0,4.3653846,0.0,3.0,0.0,0.05882353,0.0,0.13725491,0.0,0.0,0.039215688,0.0,0.0,0.0,0.0,0.75,0.057692308,0.03846154,0.569,0.3600841261711236,65,Y
239.0,9.0,35.0,205.0,4.037657,3.0,7.0,0.012552301,0.046025105,0.016736401,0.12133891,0.0041841003,0.0,0.066945605,0.008368201,0.025104603,0.012552301,0.0,0.49372384,0.046025105,0.020920502,0.530,0.36326030950535765,68,Y
118.0,1.0,18.0,114.0,4.677966,0.0,2.0,0.0,0.008695652,0.09565217,0.14782609,0.0,0.0,0.026086956,0.0,0.0,0.0,0.0,0.55932206,0.042372882,0.042372882,0.484,0.3739516417546248,83,Y
98.0,4.0,8.0,82.0,4.387755,5.0,5.0,0.0,0.02020202,0.01010101,0.07070707,0.0,0.0,0.02020202,0.01010101,0.0,0.01010101,0.0,0.6938776,0.10204082,0.040816326,0.646,0.35435846211689587,81,Y
105.0,1.0,15.0,99.0,4.142857,1.0,3.0,0.0,0.03809524,0.028571429,0.13333334,0.00952381,0.0,0.07619048,0.01904762,0.00952381,0.0,0.0,0.5809524,0.0952381,0.00952381,0.673,0.36517332548627984,71,Y
57.0,1.0,9.0,54.0,4.1578946,0.0,1.0,0.0,0.05263158,0.03508772,0.14035088,0.0,0.0,0.05263158,0.0,0.03508772,0.0,0.0,0.7719298,0.03508772,0.03508772,0.632,0.3523383608406728,56,Y
55.0,3.0,7.0,47.0,3.9818182,0.0,4.0,0.0,0.03448276,0.0,0.10344828,0.0,0.0,0.05172414,0.0,0.01724138,0.03448276,0.0,0.6181818,0.0,0.07272727,0.615,0.33933280403348237,69,Y
92.0,4.0,12.0,84.0,4.3369565,0.0,7.0,0.0,0.021505376,0.05376344,0.11827957,0.0,0.0,0.05376344,0.010752688,0.010752688,0.0,0.0,0.59782606,0.07608695,0.010869565,0.531,0.3728014986516196,73,Y
106.0,3.0,10.0,100.0,3.7924528,1.0,6.0,0.009259259,0.018518519,0.0,0.083333336,0.0,0.0,0.009259259,0.0,0.009259259,0.027777778,0.0,0.6226415,0.03773585,0.028301887,0.592,0.3756484077899373,77,Y
113.0,3.0,17.0,103.0,4.1858406,0.0,4.0,0.0,0.03539823,0.0,0.14159292,0.0,0.0,0.07964602,0.0,0.0,0.017699115,0.0,0.53097343,0.03539823,0.0,0.473,0.36470888248822037,67,Y
76.0,1.0,11.0,68.0,3.9605262,0.0,8.0,0.0,0.05263158,0.05263158,0.13157895,0.0,0.0,0.02631579,0.0,0.013157895,0.0,0.0,0.55263156,0.0,0.013157895,0.519,0.359686827408271,60,Y
68.0,0.0,13.0,66.0,4.3382354,1.0,2.0,0.0,0.027777778,0.06944445,0.15277778,0.013888889,0.0,0.083333336,0.013888889,0.0,0.027777778,0.0,0.6617647,0.05882353,0.0,0.472,0.3623100775509756,75,Y
126.0,0.0,16.0,114.0,3.9682539,1.0,8.0,0.0076923077,0.06923077,0.03076923,0.115384616,0.0076923077,0.0,0.03076923,0.0,0.03076923,0.015384615,0.0,0.5,0.03968254,0.023809524,0.567,0.3632581768823521,84,Y
